# Time[Gyr], a_x[km/s/Gyr], a_y[km/s/Gyr], a_z[km/s/Gyr]
-4.000000000000000000e+00 2.494129971901588860e-01 -7.166879014306630324e+00 -6.641136304534413171e+00
-3.990000000000000213e+00 2.419735646567443554e-01 -7.157089106667236855e+00 -6.593757018495172595e+00
-3.979999999999999982e+00 2.346159300766520184e-01 -7.147497358421114555e+00 -6.546965533786448965e+00
-3.970000000000000195e+00 2.273468272992423267e-01 -7.138093090472016122e+00 -6.500790304674102238e+00
-3.959999999999999964e+00 2.201738338424529262e-01 -7.128863069405535491e+00 -6.455262423067173572e+00
-3.950000000000000178e+00 2.130905424781776025e-01 -7.119813106041215534e+00 -6.410351620604036071e+00
-3.939999999999999947e+00 2.060933642025606360e-01 -7.110945261890839753e+00 -6.366040052388028947e+00
-3.930000000000000160e+00 1.991801603278738897e-01 -7.102259676560411350e+00 -6.322316276589074135e+00
-3.919999999999999929e+00 1.923490516316727350e-01 -7.093756176532550306e+00 -6.279170033141837415e+00
-3.910000000000000142e+00 1.855982042760412343e-01 -7.085434570519183239e+00 -6.236591276360958780e+00
-3.899999999999999911e+00 1.789256984568793341e-01 -7.077294794247340093e+00 -6.194569604780907568e+00
-3.890000000000000124e+00 1.723289760590406838e-01 -7.069337529426690914e+00 -6.153091716272333755e+00
-3.879999999999999893e+00 1.658054744405397241e-01 -7.061563509211248757e+00 -6.112144328489946155e+00
-3.870000000000000107e+00 1.593593315331232885e-01 -7.053966140385588446e+00 -6.071744889435755965e+00
-3.859999999999999876e+00 1.529856282233036657e-01 -7.046548732906959600e+00 -6.031869307531588120e+00
-3.850000000000000089e+00 1.466814961567499409e-01 -7.039312440030272455e+00 -5.992502955234897399e+00
-3.839999999999999858e+00 1.404451936352759667e-01 -7.032257228125014414e+00 -5.953636408698451454e+00
-3.830000000000000071e+00 1.342751830246128597e-01 -7.025382872962071090e+00 -5.915261210355236443e+00
-3.819999999999999840e+00 1.281699638568737087e-01 -7.018689146556827296e+00 -5.877369085867972132e+00
-3.810000000000000053e+00 1.221279789641123853e-01 -7.012175891418577223e+00 -5.839951524140198913e+00
-3.799999999999999822e+00 1.161472354178240268e-01 -7.005843372273532488e+00 -5.802997963734394027e+00
-3.790000000000000036e+00 1.102256108097480342e-01 -6.999692007078968103e+00 -5.766497257744233274e+00
-3.779999999999999805e+00 1.043659648932439288e-01 -6.993717838849689450e+00 -5.730461919246466529e+00
-3.770000000000000018e+00 9.856465427970666215e-02 -6.987922617754742660e+00 -5.694873578329359809e+00
-3.759999999999999787e+00 9.281939638702460527e-02 -6.982306961404506573e+00 -5.659720374061996573e+00
-3.750000000000000000e+00 8.712876014604083175e-02 -6.976870781509817654e+00 -5.624994518895120699e+00
-3.740000000000000213e+00 8.149147135041112655e-02 -6.971613878213545057e+00 -5.590688991592320356e+00
-3.729999999999999982e+00 7.590628329804363639e-02 -6.966536050965773441e+00 -5.556796915404937032e+00
-3.719999999999999751e+00 7.037191548485438597e-02 -6.961637142209850637e+00 -5.523311261230910318e+00
-3.709999999999999964e+00 6.488678817359733175e-02 -6.956917207833867245e+00 -5.490223551033327709e+00
-3.700000000000000178e+00 5.944914430589513799e-02 -6.952376444962286683e+00 -5.457524445567679905e+00
-3.689999999999999947e+00 5.406090850722857638e-02 -6.948012771564452628e+00 -5.425222793731862225e+00
-3.680000000000000160e+00 4.871935936564912584e-02 -6.943826970419312516e+00 -5.393304487054646046e+00
-3.669999999999999929e+00 4.342266257636143850e-02 -6.939819331873903430e+00 -5.361759841551742234e+00
-3.660000000000000142e+00 3.816962691293184634e-02 -6.935989780959801898e+00 -5.330582375415341190e+00
-3.649999999999999911e+00 3.295917751002112178e-02 -6.932338191104351566e+00 -5.299766196298693721e+00
-3.640000000000000124e+00 2.779026620715371182e-02 -6.928864439129005959e+00 -5.269305552631631251e+00
-3.629999999999999893e+00 2.266181944823700625e-02 -6.925568426007419731e+00 -5.239194581709299747e+00
-3.620000000000000107e+00 1.757256473325729054e-02 -6.922450127913157836e+00 -5.209426398430879956e+00
-3.609999999999999876e+00 1.252104407295099794e-02 -6.919509599042743098e+00 -5.179993177103036750e+00
-3.600000000000000089e+00 7.508488350260400339e-03 -6.916746149775832464e+00 -5.150901045369954190e+00
-3.589999999999999858e+00 2.532847711846805856e-03 -6.914159977011712144e+00 -5.122139090840890141e+00
-3.580000000000000071e+00 -2.407365724719626177e-03 -6.911751171419181716e+00 -5.093699350178881424e+00
-3.569999999999999840e+00 -7.313159919777340728e-03 -6.909519720213332938e+00 -5.065576375344460480e+00
-3.560000000000000053e+00 -1.218545404563655191e-02 -6.907465605184411217e+00 -5.037765196015115521e+00
-3.549999999999999822e+00 -1.702514734249854084e-02 -6.905588814998876224e+00 -5.010260943028733038e+00
-3.540000000000000036e+00 -2.183315393241720345e-02 -6.903889344851129373e+00 -4.983058688578370976e+00
-3.529999999999999805e+00 -2.661051641779910854e-02 -6.902367175586959114e+00 -4.956152787596781906e+00
-3.520000000000000018e+00 -3.135844330836314031e-02 -6.901022263980051363e+00 -4.929536691065970366e+00
-3.509999999999999787e+00 -3.607625064910679330e-02 -6.899855057529764579e+00 -4.903214413394101356e+00
-3.500000000000000000e+00 -4.076548462452523475e-02 -6.898865387030135743e+00 -4.877177489603326421e+00
-3.490000000000000213e+00 -4.542735889449638770e-02 -6.898053216651658381e+00 -4.851419347314646302e+00
-3.479999999999999982e+00 -5.006273914973416450e-02 -6.897418631057998795e+00 -4.825935373690514396e+00
-3.469999999999999751e+00 -5.467242712670646043e-02 -6.896961746471881760e+00 -4.800721327405883976e+00
-3.459999999999999964e+00 -5.925720979357655682e-02 -6.896682688882756374e+00 -4.775773057345340078e+00
-3.450000000000000178e+00 -6.381787959564041990e-02 -6.896581582652043352e+00 -4.751086376861874960e+00
-3.439999999999999947e+00 -6.835531157794835777e-02 -6.896658468628959149e+00 -4.726656598935409015e+00
-3.429999999999999716e+00 -7.287051160251441229e-02 -6.896913254599347454e+00 -4.702478221468769704e+00
-3.419999999999999929e+00 -7.736321189218881011e-02 -6.897347318462414556e+00 -4.678553711859212427e+00
-3.410000000000000142e+00 -8.183459177459137535e-02 -6.897960295205325387e+00 -4.654876432307542444e+00
-3.399999999999999911e+00 -8.628565051388484286e-02 -6.898752086325234956e+00 -4.631440917950729208e+00
-3.390000000000000124e+00 -9.071714779508321946e-02 -6.899722899207343829e+00 -4.608243231538087237e+00
-3.379999999999999893e+00 -9.512979561353648861e-02 -6.900873004752920536e+00 -4.585279716850614307e+00
-3.370000000000000107e+00 -9.952429676466971464e-02 -6.902202687697132966e+00 -4.562546802952749836e+00
-3.359999999999999876e+00 -1.039013536422905698e-01 -6.903712221680715189e+00 -4.540040895618536965e+00
-3.350000000000000089e+00 -1.082617071746360266e-01 -6.905401725820079051e+00 -4.517758089734239313e+00
-3.339999999999999858e+00 -1.126061777794614555e-01 -6.907271030708758808e+00 -4.495693827092451578e+00
-3.330000000000000071e+00 -1.169349147306171094e-01 -6.909322567375024704e+00 -4.473849099246534955e+00
-3.319999999999999840e+00 -1.212487928712427110e-01 -6.911555792005826149e+00 -4.452218788292450213e+00
-3.310000000000000053e+00 -1.255486162453191279e-01 -6.913970511807391084e+00 -4.430798407174912690e+00
-3.299999999999999822e+00 -1.298350624118769225e-01 -6.916567071738386474e+00 -4.409584556802542465e+00
-3.290000000000000036e+00 -1.341087813910903093e-01 -6.919345920925839444e+00 -4.388574061914656710e+00
-3.280000000000000249e+00 -1.383704155880734199e-01 -6.922307527098404023e+00 -4.367763803591397043e+00
-3.270000000000000018e+00 -1.426206053943313568e-01 -6.925452344953575867e+00 -4.347150653858005143e+00
-3.259999999999999787e+00 -1.468600064224338531e-01 -6.928780648513397367e+00 -4.326731285971691321e+00
-3.250000000000000000e+00 -1.510893142120265931e-01 -6.932292303834070246e+00 -4.306501842380678013e+00
-3.240000000000000213e+00 -1.553089193566491444e-01 -6.935990365219907083e+00 -4.286462474264630451e+00
-3.229999999999999982e+00 -1.595195162101986641e-01 -6.939874359780516144e+00 -4.266609084410546870e+00
-3.219999999999999751e+00 -1.637217830680229858e-01 -6.943944124183934363e+00 -4.246937892532418601e+00
-3.209999999999999964e+00 -1.679163388488986997e-01 -6.948200173144844172e+00 -4.227445933924874666e+00
-3.200000000000000178e+00 -1.721037915433901999e-01 -6.952643148853310251e+00 -4.208130413563899275e+00
-3.189999999999999947e+00 -1.762847402450372081e-01 -6.957273719169916326e+00 -4.188988576650676698e+00
-3.179999999999999716e+00 -1.804597794937327360e-01 -6.962092511715169074e+00 -4.170017693977450257e+00
-3.169999999999999929e+00 -1.846294743655202131e-01 -6.967099877488724502e+00 -4.151214964433362020e+00
-3.160000000000000142e+00 -1.887943316397401594e-01 -6.972295415955504616e+00 -4.132577359865110544e+00
-3.149999999999999911e+00 -1.929552672992793649e-01 -6.977683933268925109e+00 -4.114103492870293088e+00
-3.140000000000000124e+00 -1.971127292725997904e-01 -6.983264661686140684e+00 -4.095790371658664775e+00
-3.129999999999999893e+00 -2.012671960038771302e-01 -6.989037126133504252e+00 -4.077635065620271781e+00
-3.120000000000000107e+00 -2.054192399352083309e-01 -6.995001992262860568e+00 -4.059634983099776662e+00
-3.109999999999999876e+00 -2.095694443379527150e-01 -7.001160136878877616e+00 -4.041787618475566113e+00
-3.100000000000000089e+00 -2.137183922992098306e-01 -7.007512465047788019e+00 -4.024090490783283514e+00
-3.089999999999999858e+00 -2.178666592998843299e-01 -7.014059854991919529e+00 -4.006541154428184370e+00
-3.080000000000000071e+00 -2.220147870834006942e-01 -7.020802922627336073e+00 -3.989137128873762261e+00
-3.069999999999999840e+00 -2.261632287082647186e-01 -7.027741487033329904e+00 -3.971875842103065324e+00
-3.060000000000000053e+00 -2.303129965777096777e-01 -7.034880468828948352e+00 -3.954755469195397666e+00
-3.049999999999999822e+00 -2.344644991530058231e-01 -7.042219508119449856e+00 -3.937773528107546994e+00
-3.040000000000000036e+00 -2.386181601591475243e-01 -7.049758332775106773e+00 -3.920927543112452618e+00
-3.030000000000000249e+00 -2.427745341529435330e-01 -7.057497844917081764e+00 -3.904215182172094956e+00
-3.020000000000000018e+00 -2.469341952373776128e-01 -7.065439157339966414e+00 -3.887634171213734557e+00
-3.009999999999999787e+00 -2.510977169336532366e-01 -7.073583415650784190e+00 -3.871182260009356391e+00
-3.000000000000000000e+00 -2.552656571981814504e-01 -7.081931703124769051e+00 -3.854857242012228014e+00
-2.990000000000000213e+00 -2.594384922365314261e-01 -7.090484672782949360e+00 -3.838657022562733001e+00
-2.979999999999999982e+00 -2.636164343508944352e-01 -7.099241496231810444e+00 -3.822579850340293905e+00
-2.969999999999999751e+00 -2.678012475380832091e-01 -7.108210094976533000e+00 -3.806622055220287404e+00
-2.959999999999999964e+00 -2.719931205878922120e-01 -7.117389634509589058e+00 -3.790782005816751621e+00
-2.950000000000000178e+00 -2.761922031643155862e-01 -7.126779068625535452e+00 -3.775058111108267500e+00
-2.939999999999999947e+00 -2.803990233001755206e-01 -7.136379446801067949e+00 -3.759448310548647143e+00
-2.929999999999999716e+00 -2.846141675722163034e-01 -7.146192183735530890e+00 -3.743950475253035926e+00
-2.919999999999999929e+00 -2.888382298094661627e-01 -7.156218754880157462e+00 -3.728562491718867111e+00
-2.910000000000000142e+00 -2.930717952966695461e-01 -7.166460612694812937e+00 -3.713282279293302679e+00
-2.899999999999999911e+00 -2.973153979031727401e-01 -7.176918972916697115e+00 -3.698107846811120591e+00
-2.889999999999999680e+00 -3.015693964208924216e-01 -7.187594148979442821e+00 -3.683037497901324731e+00
-2.879999999999999893e+00 -3.058351211492609800e-01 -7.198491521459355447e+00 -3.668068022473523371e+00
-2.870000000000000107e+00 -3.101129538226695681e-01 -7.209611600999998871e+00 -3.653197742381612212e+00
-2.859999999999999876e+00 -3.144032070134391010e-01 -7.220954559890488511e+00 -3.638425094657115721e+00
-2.849999999999999645e+00 -3.187064425030410320e-01 -7.232521859722562674e+00 -3.623748128709809446e+00
-2.839999999999999858e+00 -3.230232615145708364e-01 -7.244315185380535205e+00 -3.609164846126536652e+00
-2.830000000000000071e+00 -3.273542598385734692e-01 -7.256336227007875728e+00 -3.594673277886595741e+00
-2.820000000000000284e+00 -3.316999733504997772e-01 -7.268586414240639115e+00 -3.580271587696906455e+00
-2.810000000000000053e+00 -3.360607747863276762e-01 -7.281066424278470173e+00 -3.565958271629614984e+00
-2.799999999999999822e+00 -3.404381713847156599e-01 -7.293782249526064021e+00 -3.551729611325472824e+00
-2.790000000000000036e+00 -3.448324167949601837e-01 -7.306734082264483732e+00 -3.537584389645309635e+00
-2.780000000000000249e+00 -3.492438361828371640e-01 -7.319922456900903818e+00 -3.523521242054143077e+00
-2.770000000000000018e+00 -3.536730261749639337e-01 -7.333349180983337767e+00 -3.509538287087679898e+00
-2.759999999999999787e+00 -3.581206254708608205e-01 -7.347016282674307952e+00 -3.495633570908155630e+00
-2.750000000000000000e+00 -3.625872667651878212e-01 -7.360925779570160365e+00 -3.481805176141264280e+00
-2.740000000000000213e+00 -3.670734959550436272e-01 -7.375079355776143153e+00 -3.468051397771810596e+00
-2.729999999999999982e+00 -3.715797034571673430e-01 -7.389478055502986642e+00 -3.454370899396754790e+00
-2.719999999999999751e+00 -3.761076776268498789e-01 -7.404128779353065681e+00 -3.440759132481216565e+00
-2.709999999999999964e+00 -3.806575408004438388e-01 -7.419031515731009385e+00 -3.427215420577657934e+00
-2.700000000000000178e+00 -3.852296309322774670e-01 -7.434187158051384969e+00 -3.413738608533284591e+00
-2.689999999999999947e+00 -3.898245909808087939e-01 -7.449597886788083656e+00 -3.400326831675026806e+00
-2.679999999999999716e+00 -3.944431097696025623e-01 -7.465266094462175595e+00 -3.386978142427906402e+00
-2.669999999999999929e+00 -3.990858600477826257e-01 -7.481194118596057763e+00 -3.373690638302772715e+00
-2.660000000000000142e+00 -4.037533645448940778e-01 -7.497383668131469392e+00 -3.360462758041324882e+00
-2.649999999999999911e+00 -4.084459948495472448e-01 -7.513835814045084938e+00 -3.347293288080607443e+00
-2.639999999999999680e+00 -4.131662119494797780e-01 -7.530560681257144395e+00 -3.334176430805948499e+00
-2.629999999999999893e+00 -4.179138001647044742e-01 -7.547556871353544139e+00 -3.321112312729157967e+00
-2.620000000000000107e+00 -4.226890386974404001e-01 -7.564825119415000465e+00 -3.308099973699087482e+00
-2.609999999999999876e+00 -4.274926278073401531e-01 -7.582367995738630739e+00 -3.295137531405333498e+00
-2.599999999999999645e+00 -4.323253324624283245e-01 -7.600188372518350555e+00 -3.282222979912893024e+00
-2.589999999999999858e+00 -4.371878997150839274e-01 -7.618289080888937193e+00 -3.269354379539801236e+00
-2.580000000000000071e+00 -4.420809018121610867e-01 -7.636672336518884663e+00 -3.256530280865062466e+00
-2.570000000000000284e+00 -4.470048686667688620e-01 -7.655340222991009469e+00 -3.243749359809245281e+00
-2.560000000000000053e+00 -4.519623735510273077e-01 -7.674302255092507963e+00 -3.231004762401705754e+00
-2.549999999999999822e+00 -4.569531504880771089e-01 -7.693557683072953068e+00 -3.218297366116486202e+00
-2.540000000000000036e+00 -4.619775963731829194e-01 -7.713108167332881848e+00 -3.205626259465736094e+00
-2.530000000000000249e+00 -4.670365004770906658e-01 -7.732956812985227302e+00 -3.192989474947546924e+00
-2.520000000000000018e+00 -4.721307086374298967e-01 -7.753106946051842918e+00 -3.180384907048507515e+00
-2.509999999999999787e+00 -4.772610167813463589e-01 -7.773561723492440123e+00 -3.167810591876670578e+00
-2.500000000000000000e+00 -4.824278691319785484e-01 -7.794322969805476120e+00 -3.155265477144315600e+00
-2.490000000000000213e+00 -4.876318680854480059e-01 -7.815393134282876630e+00 -3.142748126930662078e+00
-2.479999999999999982e+00 -4.928769779704694765e-01 -7.836787628989013932e+00 -3.130248528218490200e+00
-2.469999999999999751e+00 -4.981620749206642773e-01 -7.858502321941598368e+00 -3.117769698245366872e+00
-2.459999999999999964e+00 -5.034874210618774937e-01 -7.880538430281275986e+00 -3.105311116682540007e+00
-2.450000000000000178e+00 -5.088539064081591956e-01 -7.902899599064632241e+00 -3.092870677889706155e+00
-2.439999999999999947e+00 -5.142625113204175591e-01 -7.925589852080525688e+00 -3.080446059900408873e+00
-2.429999999999999716e+00 -5.197141650694392379e-01 -7.948613046047732666e+00 -3.068035101426152433e+00
-2.419999999999999929e+00 -5.252094046398986249e-01 -7.971971628747236416e+00 -3.055636709573799070e+00
-2.410000000000000142e+00 -5.307491818934786387e-01 -7.995669552901093269e+00 -3.043248668861012085e+00
-2.399999999999999911e+00 -5.363374113740609905e-01 -8.019721580781395076e+00 -3.030860759570054075e+00
-2.389999999999999680e+00 -5.419730414614011282e-01 -8.044124583599920442e+00 -3.018476346434165070e+00
-2.379999999999999893e+00 -5.476565538975135539e-01 -8.068880919062010548e+00 -3.006094570625762241e+00
-2.370000000000000107e+00 -5.533889830476815819e-01 -8.093994949354106794e+00 -2.993713072407897080e+00
-2.359999999999999876e+00 -5.591714344004770076e-01 -8.119471328014281397e+00 -2.981329325748596659e+00
-2.349999999999999645e+00 -5.650049053811481148e-01 -8.145314402587720437e+00 -2.968941157124654229e+00
-2.339999999999999858e+00 -5.708896894114888765e-01 -8.171526313837931710e+00 -2.956548568523732712e+00
-2.330000000000000071e+00 -5.768272314310814997e-01 -8.198112910075110449e+00 -2.944148078413648673e+00
-2.320000000000000284e+00 -5.828230806050833657e-01 -8.225093104160229984e+00 -2.931723713484808425e+00
-2.310000000000000053e+00 -5.888749251303568855e-01 -8.252460794165564550e+00 -2.919283444574760189e+00
-2.299999999999999822e+00 -5.949831694138848492e-01 -8.280218598488392701e+00 -2.906827019660934042e+00
-2.290000000000000036e+00 -6.011490275606846678e-01 -8.308371749230820669e+00 -2.894351755601288989e+00
-2.280000000000000249e+00 -6.073738327715826335e-01 -8.336925893193980031e+00 -2.881854626639598127e+00
-2.270000000000000018e+00 -6.136588766465747025e-01 -8.365886574445481116e+00 -2.869332760741894361e+00
-2.259999999999999787e+00 -6.200051076769752534e-01 -8.395258258900522463e+00 -2.856784336913447131e+00
-2.250000000000000000e+00 -6.264142113480087870e-01 -8.425047889981048144e+00 -2.844205388710220106e+00
-2.240000000000000213e+00 -6.328893044971143356e-01 -8.455267082260641942e+00 -2.831587678199698921e+00
-2.229999999999999982e+00 -6.394302091226474749e-01 -8.485916583451473372e+00 -2.818932715682065826e+00
-2.219999999999999751e+00 -6.460380159068915829e-01 -8.517001450189694012e+00 -2.806238352483086729e+00
-2.209999999999999964e+00 -6.527141205248818689e-01 -8.548527790754567590e+00 -2.793501570555338986e+00
-2.200000000000000178e+00 -6.594598518061123293e-01 -8.580501470486190385e+00 -2.780719528806501195e+00
-2.189999999999999947e+00 -6.662761011532286615e-01 -8.612926735409832446e+00 -2.767890556609188035e+00
-2.179999999999999716e+00 -6.731665874167073182e-01 -8.645818415246914412e+00 -2.755005538449815550e+00
-2.169999999999999929e+00 -6.801319753722823158e-01 -8.679180015725240338e+00 -2.742063477125095350e+00
-2.160000000000000142e+00 -6.871729661092296215e-01 -8.713015180707090579e+00 -2.729063282571795757e+00
-2.149999999999999911e+00 -6.942910952952340287e-01 -8.747330684434750481e+00 -2.716001669406479024e+00
-2.139999999999999680e+00 -7.014879765822044089e-01 -8.782133648908452273e+00 -2.702875194738455278e+00
-2.129999999999999893e+00 -7.087648430536064303e-01 -8.817430031890364006e+00 -2.689681600760029934e+00
-2.120000000000000107e+00 -7.161240452098214249e-01 -8.853229360248649371e+00 -2.676415244854891018e+00
-2.109999999999999876e+00 -7.235691148622674929e-01 -8.889544994448561610e+00 -2.663066936018922970e+00
-2.099999999999999645e+00 -7.310998970449272827e-01 -8.926378669918374698e+00 -2.649638791920806202e+00
-2.089999999999999858e+00 -7.387179082872465941e-01 -8.963737397790424666e+00 -2.636127809333698391e+00
-2.080000000000000071e+00 -7.464250151808533573e-01 -9.001629336562842809e+00 -2.622529941889225391e+00
-2.070000000000000284e+00 -7.542229294101878700e-01 -9.040062232485684746e+00 -2.608841674881388517e+00
-2.060000000000000053e+00 -7.621127041857215234e-01 -9.079041876267123001e+00 -2.595061603191698651e+00
-2.049999999999999822e+00 -7.701000402174098536e-01 -9.118588264512796471e+00 -2.581173732379387964e+00
-2.040000000000000036e+00 -7.781853542839682891e-01 -9.158705355343414567e+00 -2.567178742049139206e+00
-2.030000000000000249e+00 -7.863694135225491877e-01 -9.199398234340581126e+00 -2.553076245329067628e+00
-2.020000000000000018e+00 -7.946542718447966447e-01 -9.240675958981194427e+00 -2.538861850959507116e+00
-2.009999999999999787e+00 -8.030420856656425022e-01 -9.282547948167803042e+00 -2.524530880094527419e+00
-2.000000000000000000e+00 -8.115343593329633620e-01 -9.325021658243075606e+00 -2.510080724285173925e+00
-1.989999999999999769e+00 -8.201346640008655431e-01 -9.368110985630268672e+00 -2.495502374857061945e+00
-1.979999999999999982e+00 -8.288479609942440707e-01 -9.411834211437053455e+00 -2.480782564099245135e+00
-1.969999999999999751e+00 -8.376735658342675528e-01 -9.456192246696877746e+00 -2.465925659083520571e+00
-1.959999999999999964e+00 -8.466135007284484315e-01 -9.501194391142131934e+00 -2.450927617866311525e+00
-1.950000000000000178e+00 -8.556702927934941583e-01 -9.546851583794214946e+00 -2.435782882594635712e+00
-1.939999999999999947e+00 -8.648461168001645438e-01 -9.593173855880579026e+00 -2.420487128327469151e+00
-1.930000000000000160e+00 -8.741420525301084599e-01 -9.640168203647908385e+00 -2.405039697322184367e+00
-1.919999999999999929e+00 -8.835678182225495947e-01 -9.687866133847791161e+00 -2.389411417563903406e+00
-1.910000000000000142e+00 -8.931228385447805840e-01 -9.736270170145536085e+00 -2.373607260325232282e+00
-1.899999999999999911e+00 -9.028076823540450713e-01 -9.785386111414119625e+00 -2.357628440851867513e+00
-1.890000000000000124e+00 -9.126251626571879605e-01 -9.835226164781952107e+00 -2.341468792003352117e+00
-1.879999999999999893e+00 -9.225782501976400596e-01 -9.885803064308438692e+00 -2.325121696016447803e+00
-1.870000000000000107e+00 -9.326687124028191223e-01 -9.937126234247530832e+00 -2.308584571389910245e+00
-1.859999999999999876e+00 -9.429023612565449186e-01 -9.989216573191926685e+00 -2.291841495402236806e+00
-1.850000000000000089e+00 -9.532864846303505946e-01 -1.004209928635233418e+01 -2.274871757959590735e+00
-1.839999999999999858e+00 -9.638191941418435826e-01 -1.009577385297228247e+01 -2.257685164110412313e+00
-1.830000000000000071e+00 -9.745032416427149569e-01 -1.015025285057770965e+01 -2.240276156781916939e+00
-1.819999999999999840e+00 -9.853421712658910758e-01 -1.020555120368401880e+01 -2.222636634247260545e+00
-1.810000000000000053e+00 -9.963388904506671473e-01 -1.026168228448575803e+01 -2.204760786668078065e+00
-1.799999999999999822e+00 -1.007494802795041444e+00 -1.031865559984596636e+01 -2.186648060835213236e+00
-1.790000000000000036e+00 -1.018825128667537383e+00 -1.037651715262544094e+01 -2.168250303455443007e+00
-1.779999999999999805e+00 -1.030327837417803538e+00 -1.043526776931960853e+01 -2.149579085109006638e+00
-1.770000000000000018e+00 -1.042003512152602340e+00 -1.049491519063116840e+01 -2.130636977016684419e+00
-1.759999999999999787e+00 -1.053856189153411949e+00 -1.055547632718621109e+01 -2.111414689995546379e+00
-1.750000000000000000e+00 -1.065890340223239141e+00 -1.061696936564156779e+01 -2.091901525500247327e+00
-1.739999999999999769e+00 -1.078109812458052152e+00 -1.067941098803557587e+01 -2.072089048242189424e+00
-1.729999999999999982e+00 -1.090520873431839677e+00 -1.074282435153195614e+01 -2.051960544767041039e+00
-1.719999999999999751e+00 -1.103130079122780494e+00 -1.080723354551738957e+01 -2.031498423303025547e+00
-1.709999999999999964e+00 -1.115939475531542602e+00 -1.087265100234393778e+01 -2.010700833970116452e+00
-1.699999999999999734e+00 -1.128953502462151981e+00 -1.093909555310682613e+01 -1.989557725676360800e+00
-1.689999999999999947e+00 -1.142176583254954636e+00 -1.100658621446678431e+01 -1.968059277320303835e+00
-1.680000000000000160e+00 -1.155615487096977034e+00 -1.107514793490389060e+01 -1.946187388747345981e+00
-1.669999999999999929e+00 -1.169276294560809282e+00 -1.114480417630830011e+01 -1.923926575635693803e+00
-1.660000000000000142e+00 -1.183162195837403230e+00 -1.121557148632585488e+01 -1.901271851524855450e+00
-1.649999999999999911e+00 -1.197278505536820470e+00 -1.128747178717622646e+01 -1.878210726592896673e+00
-1.640000000000000124e+00 -1.211630278812283690e+00 -1.136052661243038564e+01 -1.854731828615485911e+00
-1.629999999999999893e+00 -1.226225783606816000e+00 -1.143476527301948309e+01 -1.830812195941077913e+00
-1.620000000000000107e+00 -1.241071799133644182e+00 -1.151021382459888365e+01 -1.806434488462627996e+00
-1.609999999999999876e+00 -1.256171912361144782e+00 -1.158689101745154382e+01 -1.781593202237153895e+00
-1.600000000000000089e+00 -1.271532285669278117e+00 -1.166482187719162589e+01 -1.756273569705700810e+00
-1.589999999999999858e+00 -1.287158631176095414e+00 -1.174403075124213203e+01 -1.730462750668779304e+00
-1.580000000000000071e+00 -1.303061238523858467e+00 -1.182455226670452753e+01 -1.704130796106763990e+00
-1.569999999999999840e+00 -1.319247619710351982e+00 -1.190641529146764022e+01 -1.677258495202337274e+00
-1.560000000000000053e+00 -1.335721743881271406e+00 -1.198964120789204557e+01 -1.649840223395333538e+00
-1.549999999999999822e+00 -1.352490803730532098e+00 -1.207425868625324483e+01 -1.621858343856543483e+00
-1.540000000000000036e+00 -1.369561381504778463e+00 -1.216029541035966055e+01 -1.593297788096203149e+00
-1.529999999999999805e+00 -1.386946101069246318e+00 -1.224779223045167775e+01 -1.564120606301276695e+00
-1.520000000000000018e+00 -1.404653164638379303e+00 -1.233678100941789957e+01 -1.534306075677480452e+00
-1.509999999999999787e+00 -1.422687293659743002e+00 -1.242728652668627554e+01 -1.503847018041119421e+00
-1.500000000000000000e+00 -1.441056869314389699e+00 -1.251934169273900821e+01 -1.472722521681455010e+00
-1.489999999999999769e+00 -1.459769123153517034e+00 -1.261297786001550669e+01 -1.440916717968452110e+00
-1.479999999999999982e+00 -1.478840663776380682e+00 -1.270824394151355996e+01 -1.408376113570299903e+00
-1.469999999999999751e+00 -1.498280197927205348e+00 -1.280517495410334838e+01 -1.375079590123471363e+00
-1.459999999999999964e+00 -1.518092631229551737e+00 -1.290379935837308167e+01 -1.341021697370947674e+00
-1.449999999999999734e+00 -1.538287862657284011e+00 -1.300415511746899533e+01 -1.306177063404341254e+00
-1.439999999999999947e+00 -1.558874535172476650e+00 -1.310627846665622265e+01 -1.270525809565048236e+00
-1.430000000000000160e+00 -1.579872775718854427e+00 -1.321022648852810022e+01 -1.234001492846541925e+00
-1.419999999999999929e+00 -1.601291985734142331e+00 -1.331603802724504071e+01 -1.196582071569320505e+00
-1.410000000000000142e+00 -1.623138538930406716e+00 -1.342374703493589472e+01 -1.158258230192231064e+00
-1.399999999999999911e+00 -1.645424168376587559e+00 -1.353339749343303566e+01 -1.118999144020240477e+00
-1.390000000000000124e+00 -1.668158949343379938e+00 -1.364503167042832743e+01 -1.078781663719625028e+00
-1.379999999999999893e+00 -1.691367730788515766e+00 -1.375871493503581000e+01 -1.037519981236716404e+00
-1.370000000000000107e+00 -1.715060468325960930e+00 -1.387449100695546811e+01 -9.951926705486837665e-01
-1.359999999999999876e+00 -1.739245044153565622e+00 -1.399240102768938065e+01 -9.517875826801761585e-01
-1.350000000000000089e+00 -1.763936001799768505e+00 -1.411249682752775314e+01 -9.072645260923875021e-01
-1.339999999999999858e+00 -1.789148337049145887e+00 -1.423483172939963382e+01 -8.615819614148334527e-01
-1.330000000000000071e+00 -1.814901588224515194e+00 -1.435946652939480295e+01 -8.146793666992058203e-01
-1.319999999999999840e+00 -1.841210825357650460e+00 -1.448645644548570566e+01 -7.665162028953351747e-01
-1.310000000000000053e+00 -1.868090983016970519e+00 -1.461585734165031880e+01 -7.170531452996413702e-01
-1.299999999999999822e+00 -1.895559807617454906e+00 -1.474772999661253614e+01 -6.662393225540014230e-01
-1.290000000000000036e+00 -1.923636896109520045e+00 -1.488213878034962079e+01 -6.140165308073116668e-01
-1.279999999999999805e+00 -1.952338502794991992e+00 -1.501914449508496752e+01 -5.603419691953522852e-01
-1.270000000000000018e+00 -1.981683286471423999e+00 -1.515881249095111549e+01 -5.051632214682076905e-01
-1.259999999999999787e+00 -2.011693801423697359e+00 -1.530121301601495709e+01 -4.484104656803755695e-01
-1.250000000000000000e+00 -2.042389756115878363e+00 -1.544641542350123764e+01 -3.900285771754324893e-01
-1.239999999999999769e+00 -2.073791032552531721e+00 -1.559449043634511511e+01 -3.299625070861842979e-01
-1.229999999999999982e+00 -2.105920570790507096e+00 -1.574551319625506807e+01 -2.681439669540539583e-01
-1.219999999999999751e+00 -2.138805034628913138e+00 -1.589956531346443569e+01 -2.044893532694608551e-01
-1.209999999999999964e+00 -2.172464706807969659e+00 -1.605672093536344036e+01 -1.389439822485495080e-01
-1.199999999999999734e+00 -2.206923826175593906e+00 -1.621706186678231276e+01 -7.143747909551992348e-02
-1.189999999999999947e+00 -2.242211449809551116e+00 -1.638067263988603273e+01 -1.875483609766308681e-03
-1.180000000000000160e+00 -2.278354310674177263e+00 -1.654764149488341118e+01 6.982108656500816968e-02
-1.169999999999999929e+00 -2.315378283297463202e+00 -1.671805922181154713e+01 1.437247942439873472e-01
-1.160000000000000142e+00 -2.353312983138658332e+00 -1.689201855944042308e+01 2.199269538857003548e-01
-1.149999999999999911e+00 -2.392194880313236016e+00 -1.706961944000230247e+01 2.985505526565924161e-01
-1.140000000000000124e+00 -2.432049772270075572e+00 -1.725095613994657384e+01 3.796651659711777760e-01
-1.129999999999999893e+00 -2.472909072097231764e+00 -1.743612989457711038e+01 4.633655317829971643e-01
-1.120000000000000107e+00 -2.514811631763638644e+00 -1.762524787606735543e+01 5.497821445276519503e-01
-1.109999999999999876e+00 -2.557794076621199064e+00 -1.781842042314543662e+01 6.390311437527615990e-01
-1.100000000000000089e+00 -2.601889594872661693e+00 -1.801576029098745124e+01 7.312083388978163345e-01
-1.089999999999999858e+00 -2.647137125089499499e+00 -1.821738465304037646e+01 8.264373042117140189e-01
-1.080000000000000071e+00 -2.693586425144192109e+00 -1.842341070321813490e+01 9.248999816469378743e-01
-1.069999999999999840e+00 -2.741272052636838819e+00 -1.863396427846829440e+01 1.026689908537786522e+00
-1.060000000000000053e+00 -2.790236261007661867e+00 -1.884917454364369149e+01 1.131939692073578030e+00
-1.049999999999999822e+00 -2.840529292708398046e+00 -1.906917615256328702e+01 1.240820993409836426e+00
-1.040000000000000036e+00 -2.892201303036182392e+00 -1.929410527992313007e+01 1.353503880442319396e+00
-1.029999999999999805e+00 -2.945298006783049871e+00 -1.952409751253340531e+01 1.470134897311866418e+00
-1.020000000000000018e+00 -2.999875762066634088e+00 -1.975930427005257428e+01 1.590906322838488762e+00
-1.009999999999999787e+00 -3.055990775201444354e+00 -1.999987929817587329e+01 1.716007900022072707e+00
-1.000000000000000000e+00 -3.113695852770609118e+00 -2.024597434850687350e+01 1.845612504112250418e+00
-9.899999999999997691e-01 -3.173053473869335228e+00 -2.049774138167028781e+01 1.979945043438156249e+00
-9.799999999999999822e-01 -3.234127706890721043e+00 -2.075534792681449048e+01 2.119227507686055834e+00
-9.699999999999997513e-01 -3.296982028758618455e+00 -2.101898164761789545e+01 2.263663824826353643e+00
-9.599999999999999645e-01 -3.361688968991498161e+00 -2.128881165563451461e+01 2.413520470202012103e+00
-9.499999999999997335e-01 -3.428320721739291255e+00 -2.156501470829349287e+01 2.569056465548648749e+00
-9.399999999999999467e-01 -3.496946986534547275e+00 -2.184778257727922224e+01 2.730506287500123808e+00
-9.299999999999997158e-01 -3.567651882571846844e+00 -2.213730359967280492e+01 2.898184748952268297e+00
-9.199999999999999289e-01 -3.640519479953588711e+00 -2.243377822688267642e+01 3.072397456730565857e+00
-9.100000000000001421e-01 -3.715630483221691982e+00 -2.273742280305474495e+01 3.253420125622938475e+00
-8.999999999999999112e-01 -3.793082001008773130e+00 -2.304843423179232786e+01 3.441631329146818352e+00
-8.900000000000001243e-01 -3.872970719708817011e+00 -2.336703119113550642e+01 3.637391292820864930e+00
-8.799999999999998934e-01 -3.955389613002331384e+00 -2.369346213131897727e+01 3.841018230378923981e+00
-8.700000000000001066e-01 -4.040450697174416739e+00 -2.402793926963970605e+01 4.052959848489424033e+00
-8.599999999999998757e-01 -4.128265843926247847e+00 -2.437069919888428515e+01 4.273645078923484775e+00
-8.500000000000000888e-01 -4.218943388523773486e+00 -2.472201438619973501e+01 4.503457293758137858e+00
-8.399999999999998579e-01 -4.312613422122872464e+00 -2.508210252769238835e+01 4.742937676390253543e+00
-8.300000000000000711e-01 -4.409405628383515463e+00 -2.545122113576125500e+01 4.992595824574536323e+00
-8.199999999999998401e-01 -4.509446808710105614e+00 -2.582967644222139469e+01 5.252889826960613462e+00
-8.100000000000000533e-01 -4.612883243363206986e+00 -2.621771905894173926e+01 5.524423920120303144e+00
-7.999999999999998224e-01 -4.719866048797134894e+00 -2.661562009852386623e+01 5.807813305424303962e+00
-7.900000000000000355e-01 -4.830550916476668455e+00 -2.702367179176802381e+01 6.103682283109948870e+00
-7.799999999999998046e-01 -4.945105021056630967e+00 -2.744215492550752344e+01 6.412725556464092591e+00
-7.700000000000000178e-01 -5.063700274368001963e+00 -2.787138284303684088e+01 6.735639363603761254e+00
-7.599999999999997868e-01 -5.186523078010895738e+00 -2.831163172389500460e+01 7.073225547120373768e+00
-7.500000000000000000e-01 -5.313764401862320241e+00 -2.876323195487682227e+01 7.426270598997342098e+00
-7.399999999999997691e-01 -5.445629845116653378e+00 -2.922646881782535289e+01 7.795673226955268653e+00
-7.299999999999999822e-01 -5.582333604588552767e+00 -2.970166507961278413e+01 8.182350869326572962e+00
-7.199999999999997513e-01 -5.724101646268993981e+00 -3.018913349869692553e+01 8.587291850319779485e+00
-7.099999999999999645e-01 -5.871174135025426288e+00 -3.068916471271000290e+01 9.011577430360135921e+00
-6.999999999999997335e-01 -6.023801183691326777e+00 -3.120210906185515398e+01 9.456298495928882275e+00
-6.899999999999999467e-01 -6.182249632857223176e+00 -3.172820810019583959e+01 9.922716451371641710e+00
-6.799999999999997158e-01 -6.346799038460058995e+00 -3.226783635415495155e+01 1.041206321350453834e+01
-6.699999999999999289e-01 -6.517744626355479909e+00 -3.282121455800645293e+01 1.092576870440404413e+01
-6.600000000000001421e-01 -6.695398571300460233e+00 -3.338866584761338174e+01 1.146527876165893289e+01
-6.499999999999999112e-01 -6.880089083192091337e+00 -3.397044769161835376e+01 1.203217418617095724e+01
-6.400000000000001243e-01 -7.072162589587966508e+00 -3.456676617897254999e+01 1.262817198499649152e+01
-6.299999999999998934e-01 -7.271985696983829683e+00 -3.517790239118149742e+01 1.325504274033753482e+01
-6.200000000000001066e-01 -7.479943359407469572e+00 -3.580400664992813375e+01 1.391475248643599194e+01
-6.099999999999998757e-01 -7.696441256471754144e+00 -3.644522981161718889e+01 1.460937870846178654e+01
-6.000000000000000888e-01 -7.921908525247827626e+00 -3.710168746939456241e+01 1.534115148212192103e+01
-5.899999999999998579e-01 -8.156796392569859222e+00 -3.777343275777482035e+01 1.611246615971445095e+01
-5.800000000000000711e-01 -8.401577030113974942e+00 -3.846044532814814687e+01 1.692588533525540129e+01
-5.699999999999998401e-01 -8.656752584604012313e+00 -3.916265352247373954e+01 1.778417119054100581e+01
-5.600000000000000533e-01 -8.922847661187374158e+00 -3.987987889712058376e+01 1.869028587972701061e+01
-5.499999999999998224e-01 -9.200411242745207829e+00 -4.061183150732300362e+01 1.964740536640385216e+01
-5.400000000000000355e-01 -9.490022115509873402e+00 -4.135811590581187858e+01 2.065894426984447563e+01
-5.299999999999998046e-01 -9.792284127239115676e+00 -4.211817559649828269e+01 2.172857124815106999e+01
-5.200000000000000178e-01 -1.010783126360691675e+01 -4.289129719625632475e+01 2.286023330161739864e+01
-5.099999999999997868e-01 -1.043732235458930901e+01 -4.367656895090662772e+01 2.405815787761436297e+01
-5.000000000000000000e-01 -1.078144254720577955e+01 -4.447283832718364494e+01 2.532689201612695129e+01
-4.899999999999997691e-01 -1.114090442458073404e+01 -4.527869638181719125e+01 2.667131994536558182e+01
-4.799999999999999822e-01 -1.151644526987294093e+01 -4.609242890528767589e+01 2.809668435833995304e+01
-4.699999999999997513e-01 -1.190882264147065683e+01 -4.691195674768089674e+01 2.960860653874327042e+01
-4.599999999999999645e-01 -1.231881056069957836e+01 -4.773477829607791989e+01 3.121310821751735176e+01
-4.499999999999997335e-01 -1.274719360904478727e+01 -4.855790029455464207e+01 3.291663073344743395e+01
-4.399999999999999467e-01 -1.319476023749481897e+01 -4.937776299130062085e+01 3.472605409504807028e+01
-4.299999999999997158e-01 -1.366229506660221560e+01 -5.019015488545192483e+01 3.664871838981817120e+01
-4.199999999999999289e-01 -1.415056483843202706e+01 -5.099010200772995205e+01 3.869242943769167198e+01
-4.100000000000001421e-01 -1.466030415717010627e+01 -5.177175336434961395e+01 4.086546644872514378e+01
-3.999999999999999112e-01 -1.519219506952134147e+01 -5.252824344553794589e+01 4.317657328790394189e+01
-3.900000000000001243e-01 -1.574684850156486959e+01 -5.325155545724209105e+01 4.563495857771048492e+01
-3.799999999999998934e-01 -1.632477201048754623e+01 -5.393232745973428166e+01 4.825026547111053077e+01
-3.700000000000001066e-01 -1.692633269176840116e+01 -5.455966804054242658e+01 5.103250652267831100e+01
-3.599999999999998757e-01 -1.755171111310792043e+01 -5.512093437414436892e+01 5.399197885075427195e+01
-3.500000000000000888e-01 -1.820085912545571816e+01 -5.560148330015356066e+01 5.713922038157377870e+01
-3.399999999999998579e-01 -1.887341760641758626e+01 -5.598441298038344627e+01 6.048475541670960354e+01
-3.300000000000000711e-01 -1.956866281280617059e+01 -5.625024643228141485e+01 6.403903914893442106e+01
-3.199999999999998401e-01 -2.028538872923675740e+01 -5.637663573700883290e+01 6.781203999721660125e+01
-3.100000000000000533e-01 -2.102180042997844112e+01 -5.633800604759129982e+01 7.181292619684948875e+01
-2.999999999999998224e-01 -2.177540193179984485e+01 -5.610523476116389219e+01 7.604969722968006351e+01
-2.900000000000000355e-01 -2.254282891575412151e+01 -5.564531340156568717e+01 8.052852929920683778e+01
-2.799999999999998046e-01 -2.331966797122379376e+01 -5.492100557932494098e+01 8.525305151390929836e+01
-2.700000000000000178e-01 -2.410028293888942486e+01 -5.389068248321170529e+01 9.022352970123935734e+01
-2.599999999999997868e-01 -2.487757649489912026e+01 -5.250787755056335016e+01 9.543590633286399338e+01
-2.500000000000000000e-01 -2.564270841100744391e+01 -5.072175677877003608e+01 1.008799321732753214e+02
-2.399999999999997691e-01 -2.638492512038761006e+01 -4.847692778250371504e+01 1.065383867388255510e+02
-2.299999999999999822e-01 -2.709126747890805831e+01 -4.571419617069269492e+01 1.123849410577377625e+02
-2.199999999999997513e-01 -2.774639562755220723e+01 -4.237150765857856527e+01 1.183825174183987343e+02
-2.099999999999999645e-01 -2.833236770102965707e+01 -3.838523827129674260e+01 1.244811407416101190e+02
-1.999999999999997335e-01 -2.882858780606628102e+01 -3.369333258580008561e+01 1.306153428868834681e+02
-1.899999999999999467e-01 -2.921196949176274416e+01 -2.823666156412717498e+01 1.367040443758766628e+02
-1.799999999999997158e-01 -2.945705558435133398e+01 -2.196430241830075403e+01 1.426473071199411038e+02
-1.699999999999999289e-01 -2.953663518433046065e+01 -1.483754719730924698e+01 1.483267097217459423e+02
-1.600000000000001421e-01 -2.942258186762335015e+01 -6.835859940786937372e+00 1.536054799169009470e+02
-1.499999999999999112e-01 -2.908709648398643566e+01 2.037268662073123515e+00 1.583308903448385649e+02
-1.400000000000001243e-01 -2.850426176976407788e+01 1.174823409291093590e+01 1.623381696540922405e+02
-1.299999999999998934e-01 -2.765201817389013428e+01 2.222769803296184321e+01 1.654570291907834019e+02
-1.200000000000001066e-01 -2.651428962129434552e+01 3.336662112944139125e+01 1.675202273670228976e+02
-1.099999999999998757e-01 -2.508318356556351603e+01 4.501478348526768514e+01 1.683743625959163239e+02
-1.000000000000000888e-01 -2.336092896067878399e+01 5.698261475868005022e+01 1.678916900368542429e+02
-8.999999999999985789e-02 -2.136128367237112613e+01 6.904711257678698644e+01 1.659820978641220677e+02
-8.000000000000007105e-02 -1.911007377927077755e+01 8.096193744226283684e+01 1.626034742552812986e+02
-6.999999999999984013e-02 -1.664467059207719757e+01 9.247093934277036453e+01 1.577688491424543997e+02
-6.000000000000005329e-02 -1.401234006463127102e+01 1.033239070063994518e+02 1.515490992128044070e+02
-4.999999999999982236e-02 -1.126754631857379252e+01 1.132927161258127597e+02 1.440702892827968640e+02
-4.000000000000003553e-02 -8.468565204920855294e+00 1.221856877608094010e+02 1.355059595423768428e+02
-2.999999999999980460e-02 -5.673732672898379015e+00 1.298587131203033209e+02 1.260650583317330273e+02
-2.000000000000001776e-02 -2.937869673204948739e+00 1.362216175012063673e+02 1.159773166636250181e+02
-9.999999999999786837e-03 -3.089839457798637112e-01 1.412419088715778912e+02 1.054781831651851149e+02
0.000000000000000000e+00 2.176094818158091915e+00 1.449568054895626403e+02 9.479409855442376909e+01
