# Time[Gyr], x[kpc], y[kpc], z[kpc], vx[km/s], vy[km/s], vz[km/s]
-4.000000000000000000e+00 -6.555653756142710620e+00 1.883655214952215715e+02 1.745496242142073413e+02 1.570231621754413176e+01 8.941555422378664275e+01 -1.867157778786910427e+01
-3.990000000000000213e+00 -6.398573661871829188e+00 1.892566554235253022e+02 1.743603683408279608e+02 1.571360599199723929e+01 8.881133813042653458e+01 -1.917899638549716457e+01
-3.979999999999999982e+00 -6.241383561414657777e+00 1.901417503707799597e+02 1.741660562390920859e+02 1.572431850883286941e+01 8.820775651517953975e+01 -1.968283025659930274e+01
-3.970000000000000195e+00 -6.084089194128836198e+00 1.910208126404141069e+02 1.739667235463823829e+02 1.573446043056633137e+01 8.760480117397023037e+01 -2.018312143023857530e+01
-3.959999999999999964e+00 -5.926696233993787644e+00 1.918938484525163517e+02 1.737624054855630504e+02 1.574403827855240401e+01 8.700246383872330114e+01 -2.067991122068353249e+01
-3.950000000000000178e+00 -5.769210289495987354e+00 1.927608639459004394e+02 1.735531368658851079e+02 1.575305843084995772e+01 8.640073616687880076e+01 -2.117324022361914970e+01
-3.939999999999999947e+00 -5.611636905990778246e+00 1.936218651757101270e+02 1.733389520939681461e+02 1.576152712883337870e+01 8.579960975276836166e+01 -2.166314834344239770e+01
-3.930000000000000160e+00 -5.453981567184456480e+00 1.944768581125686921e+02 1.731198851811736006e+02 1.576945048072039413e+01 8.519907613139125147e+01 -2.214967480952040191e+01
-3.919999999999999929e+00 -5.296249696429867981e+00 1.953258486420338045e+02 1.728959697501964285e+02 1.577683446445980664e+01 8.459912678067374259e+01 -2.263285819011269950e+01
-3.910000000000000142e+00 -5.138446657996830425e+00 1.961688425640680862e+02 1.726672390415323832e+02 1.578368493054653499e+01 8.399975312362404622e+01 -2.311273640597788415e+01
-3.899999999999999911e+00 -4.980577758317465964e+00 1.970058455925269527e+02 1.724337259198228196e+02 1.579000760476517584e+01 8.340094653038467243e+01 -2.358934674367035456e+01
-3.890000000000000124e+00 -4.822648247207183658e+00 1.978368633546612045e+02 1.721954628800786224e+02 1.579580809086330717e+01 8.280269832018453258e+01 -2.406272586853160078e+01
-3.879999999999999893e+00 -4.664663319170429645e+00 1.986619013904620488e+02 1.719524820542456496e+02 1.580109187353496303e+01 8.220499976402180664e+01 -2.453290983881670684e+01
-3.870000000000000107e+00 -4.506628114855466549e+00 1.994809651517454370e+02 1.717048152183824925e+02 1.580586432193683599e+01 8.160784208856429700e+01 -2.499993412179801666e+01
-3.859999999999999876e+00 -4.348547721080819883e+00 2.002940600034864929e+02 1.714524937937874256e+02 1.581013068824785783e+01 8.101121646925894026e+01 -2.546383359107536393e+01
-3.850000000000000089e+00 -4.190427172666915112e+00 2.011011912222586773e+02 1.711955488557347564e+02 1.581389611252509653e+01 8.041511403726454432e+01 -2.592464254767377696e+01
-3.839999999999999858e+00 -4.032271453653230253e+00 2.019023639956284342e+02 1.709340111395979989e+02 1.581716562543479121e+01 7.981952588178680230e+01 -2.638239473306419214e+01
-3.830000000000000071e+00 -3.874085498365431590e+00 2.026975834217650743e+02 1.706679110463232405e+02 1.581994415047433122e+01 7.922444305134916931e+01 -2.683712334022094836e+01
-3.819999999999999840e+00 -3.715874192462763403e+00 2.034868545090612315e+02 1.703972786478023522e+02 1.582223650613895849e+01 7.862985655499176119e+01 -2.728886102443443562e+01
-3.810000000000000053e+00 -3.557642373966253047e+00 2.042701821757599419e+02 1.701221436921487111e+02 1.582404740803409382e+01 7.803575736339939795e+01 -2.773763991388215189e+01
-3.799999999999999822e+00 -3.399394834267830845e+00 2.050475712495912148e+02 1.698425356088763465e+02 1.582538147093419312e+01 7.744213640996029824e+01 -2.818349161996254892e+01
-3.790000000000000036e+00 -3.241136319193294923e+00 2.058190264673144725e+02 1.695584835143001214e+02 1.582624321103903853e+01 7.684898459227019885e+01 -2.862644724836578547e+01
-3.779999999999999805e+00 -3.082871530200335997e+00 2.065845524740542487e+02 1.692700162175130458e+02 1.582663704870945409e+01 7.625629277465976941e+01 -2.906653741197747465e+01
-3.770000000000000018e+00 -2.924605124501574949e+00 2.073441538241192461e+02 1.689771622216542539e+02 1.582656730749543961e+01 7.566405178314944635e+01 -2.950379222935647050e+01
-3.759999999999999787e+00 -2.766341716503731618e+00 2.080978349799647731e+02 1.686799497309125684e+02 1.582603821772808139e+01 7.507225240981188108e+01 -2.993824134090622024e+01
-3.750000000000000000e+00 -2.608085878819295544e+00 2.088456003117345858e+02 1.683784066556493428e+02 1.582505391864333255e+01 7.448088541415869202e+01 -3.036991391931697848e+01
-3.740000000000000213e+00 -2.449842143157333396e+00 2.095874540969531097e+02 1.680725606169803541e+02 1.582361846009831297e+01 7.388994152372738711e+01 -3.079883867839842893e+01
-3.729999999999999982e+00 -2.291615001199055257e+00 2.103234005202214973e+02 1.677624389512774883e+02 1.582173580424505310e+01 7.329941143461822151e+01 -3.122504388171971357e+01
-3.719999999999999751e+00 -2.133408905458416882e+00 2.110534436729166146e+02 1.674480687145922957e+02 1.581940982716235133e+01 7.270928581198120355e+01 -3.164855735105997780e+01
-3.709999999999999964e+00 -1.975228270127921348e+00 2.117775875528928111e+02 1.671294766870018975e+02 1.581664432044641622e+01 7.211955529045440016e+01 -3.206940647467249761e+01
-3.700000000000000178e+00 -1.817077471957667001e+00 2.124958360641303159e+02 1.668066893770944148e+02 1.581344299292794453e+01 7.153021047487999340e+01 -3.248761821602633404e+01
-3.689999999999999947e+00 -1.658960851250903090e+00 2.132081930162327978e+02 1.664797330269722693e+02 1.580980947280813353e+01 7.094124194186841237e+01 -3.290321912418336581e+01
-3.680000000000000160e+00 -1.500882712055215507e+00 2.139146621248535496e+02 1.661486336135986619e+02 1.580574730698136321e+01 7.035264023590457327e+01 -3.331623533301686990e+01
-3.669999999999999929e+00 -1.342847323308340890e+00 2.146152470109879005e+02 1.658134168544604563e+02 1.580125996371734232e+01 6.976439587203748260e+01 -3.372669257370618823e+01
-3.660000000000000142e+00 -1.184858919689524726e+00 2.153099512005966290e+02 1.654741082118861186e+02 1.579635083431890763e+01 6.917649933660128170e+01 -3.413461618315460555e+01
-3.649999999999999911e+00 -1.026921702374060885e+00 2.159987781243279414e+02 1.651307328969135142e+02 1.579102323444892164e+01 6.858894108731934125e+01 -3.454003111107628854e+01
-3.640000000000000124e+00 -8.690398397761072147e-01 2.166817311172399343e+02 1.647833158730945797e+02 1.578528040542395416e+01 6.800171155337264395e+01 -3.494296192693047942e+01
-3.629999999999999893e+00 -7.112174682796137404e-01 2.173588134185215495e+02 1.644318818602353076e+02 1.577912551547530384e+01 6.741480113543201469e+01 -3.534343282670579356e+01
-3.620000000000000107e+00 -5.534586929580953552e-01 2.180300281712130754e+02 1.640764553380742825e+02 1.577256166097775036e+01 6.682820020565557684e+01 -3.574146763955616279e+01
-3.609999999999999876e+00 -3.957675883139089024e-01 2.186953784218975159e+02 1.637170605500459999e+02 1.576559186776010613e+01 6.624189910786510893e+01 -3.613708983474626280e+01
-3.600000000000000089e+00 -2.381481991140219634e-01 2.193548671202955234e+02 1.633537215074928781e+02 1.575821909277834010e+01 6.565588815843057091e+01 -3.653032253003138408e+01
-3.589999999999999858e+00 -8.060454063034683259e-02 2.200084971193788874e+02 1.629864619910466104e+02 1.575044622361319924e+01 6.507015764307945460e+01 -3.692118849130162772e+01
-3.580000000000000071e+00 7.685940043457151205e-02 2.206562711748625247e+02 1.626153055552494493e+02 1.574227608049018201e+01 6.448469781848308457e+01 -3.730971014231610638e+01
-3.569999999999999840e+00 2.342396652216010011e-01 2.212981919448627082e+02 1.622402755322214034e+02 1.573371141757587566e+01 6.389949891250272884e+01 -3.769590957152019683e+01
-3.560000000000000053e+00 3.915323220655366754e-01 2.219342619896123949e+02 1.618613950349553363e+02 1.572475492400045560e+01 6.331455112394309026e+01 -3.807980853774813568e+01
-3.549999999999999822e+00 5.487334658549940514e-01 2.225644837711731441e+02 1.614786869605597701e+02 1.571540922485393921e+01 6.272984462227857705e+01 -3.846142847580390622e+01
-3.540000000000000036e+00 7.058392174012766418e-01 2.231888596531435951e+02 1.610921739934506718e+02 1.570567688215651003e+01 6.214536954735356744e+01 -3.884079050192156046e+01
-3.529999999999999805e+00 8.628457228160542059e-01 2.238073919003647347e+02 1.607018786084925921e+02 1.569556039580325901e+01 6.156111600905576609e+01 -3.921791541910711487e+01
-3.520000000000000018e+00 1.019749152878347331e+00 2.244200826786110383e+02 1.603078230741880645e+02 1.568506220456283984e+01 6.097707408711166721e+01 -3.959282372268144456e+01
-3.509999999999999787e+00 1.176545702326549758e+00 2.250269340542386090e+02 1.599100294562393856e+02 1.567418468739267112e+01 6.039323383149234559e+01 -3.996553560708134256e+01
-3.500000000000000000e+00 1.333231589575717635e+00 2.256279479940278634e+02 1.595085196189579335e+02 1.566293016302448926e+01 5.980958525961440841e+01 -4.033607096568955086e+01
-3.490000000000000213e+00 1.489803055960571498e+00 2.262231263647912272e+02 1.591033152290611099e+02 1.565130089149846704e+01 5.922611835719406770e+01 -4.070444939848663779e+01
-3.479999999999999982e+00 1.646256365107781505e+00 2.268124709330341489e+02 1.586944377588101247e+02 1.563929907517658435e+01 5.864282307814980300e+01 -4.107069021759414085e+01
-3.469999999999999751e+00 1.802587802367419556e+00 2.273959833646353559e+02 1.582819084888432428e+02 1.562692685952310612e+01 5.805968934408966220e+01 -4.143481245186719519e+01
-3.459999999999999964e+00 1.958793674251339212e+00 2.279736652245223638e+02 1.578657485109673928e+02 1.561418633386394106e+01 5.747670704377760842e+01 -4.179683485138858856e+01
-3.450000000000000178e+00 2.114870307878618405e+00 2.285455179763411024e+02 1.574459787309075978e+02 1.560107953212511944e+01 5.689386603257916875e+01 -4.215677589186533680e+01
-3.439999999999999947e+00 2.270814050427681252e+00 2.291115429821195164e+02 1.570226198710161896e+02 1.558760843355061709e+01 5.631115613188642044e+01 -4.251465377892908748e+01
-3.429999999999999716e+00 2.426621268583396329e+00 2.296717415019276700e+02 1.565956924730058972e+02 1.557377496345659473e+01 5.572856712863060835e+01 -4.287048645256840018e+01
-3.419999999999999929e+00 2.582288347928766825e+00 2.302261146935423426e+02 1.561652169009861950e+02 1.555958099426770680e+01 5.514608877534995912e+01 -4.322429159267363730e+01
-3.410000000000000142e+00 2.737811692630259586e+00 2.307746636120548942e+02 1.557312133428715129e+02 1.554502834513101739e+01 5.456371078756438919e+01 -4.357608661889215540e+01
-3.399999999999999911e+00 2.893187724806047356e+00 2.313173892095294946e+02 1.552937018135391440e+02 1.553011878308767812e+01 5.398142284413579262e+01 -4.392588869668807661e+01
-3.390000000000000124e+00 3.048412883974727094e+00 2.318542923346407463e+02 1.548527021575379763e+02 1.551485402386195034e+01 5.339921458691571132e+01 -4.427371474186250566e+01
-3.379999999999999893e+00 3.203483626547850349e+00 2.323853737322990867e+02 1.544082340515500675e+02 1.549923573244538666e+01 5.281707562001862755e+01 -4.461958142424457918e+01
-3.370000000000000107e+00 3.358396425327818235e+00 2.329106340432677484e+02 1.539603170068185705e+02 1.548326552366375886e+01 5.223499550907845901e+01 -4.496350517130159830e+01
-3.359999999999999876e+00 3.513147769011077060e+00 2.334300738037731549e+02 1.535089703715416931e+02 1.546694496272677100e+01 5.165296378048728343e+01 -4.530550217166948102e+01
-3.350000000000000089e+00 3.667734161696230899e+00 2.339436934451076979e+02 1.530542133332340313e+02 1.545027556576077643e+01 5.107096992061686080e+01 -4.564558837860409568e+01
-3.339999999999999858e+00 3.822152122391649698e+00 2.344514932932358704e+02 1.525960649210935856e+02 1.543325880036758768e+01 5.048900337510870884e+01 -4.598377951352284754e+01
-3.330000000000000071e+00 3.976398184491188204e+00 2.349534735684630391e+02 1.521345440085873690e+02 1.541589608644662235e+01 4.990705354870959809e+01 -4.632009107056507702e+01
-3.319999999999999840e+00 4.130468895414004749e+00 2.354496343847875437e+02 1.516696693149163195e+02 1.539818879578052169e+01 4.932510980263666056e+01 -4.665453831630171067e+01
-3.310000000000000053e+00 4.284360816074595846e+00 2.359399757495817767e+02 1.512014594076408400e+02 1.538013825293816872e+01 4.874316145460590377e+01 -4.698713629458955410e+01
-3.299999999999999822e+00 4.438070520393345930e+00 2.364244975631959278e+02 1.507299327050297393e+02 1.536174573588587400e+01 4.816119777828848925e+01 -4.731789983027298518e+01
-3.290000000000000036e+00 4.591594594833985354e+00 2.369031996185083244e+02 1.502551074782250566e+02 1.534301247640843258e+01 4.757920800239921277e+01 -4.764684353213076662e+01
-3.280000000000000249e+00 4.744929637944984790e+00 2.373760816004672165e+02 1.497770018533787493e+02 1.532393966051565748e+01 4.699718130976923902e+01 -4.797398179575606036e+01
-3.270000000000000018e+00 4.898072259904822090e+00 2.378431430856244901e+02 1.492956338137626346e+02 1.530452842883445541e+01 4.641510683640341028e+01 -4.829932880636995662e+01
-3.259999999999999787e+00 5.051019082070865807e+00 2.383043835416590923e+02 1.488110212018520429e+02 1.528477987698656193e+01 4.583297367052142590e+01 -4.862289854156932734e+01
-3.250000000000000000e+00 5.203766736529352954e+00 2.387598023269068790e+02 1.483231817214066268e+02 1.526469505598559095e+01 4.525077085165564483e+01 -4.894470477413717902e+01
-3.240000000000000213e+00 5.356311865629194813e+00 2.392093986899907350e+02 1.478321329397141994e+02 1.524427497288808375e+01 4.466848737031333627e+01 -4.926476107580733554e+01
-3.229999999999999982e+00 5.508651121600102840e+00 2.396531717689842651e+02 1.473378922890338742e+02 1.522352059032494687e+01 4.408611216522722032e+01 -4.958308081676639745e+01
-3.219999999999999751e+00 5.660781166087780036e+00 2.400911205910518618e+02 1.468404770688386805e+02 1.520243282719301803e+01 4.350363412313278388e+01 -4.989967716955205645e+01
-3.209999999999999964e+00 5.812698669707685895e+00 2.405232440719898079e+02 1.463399044478858002e+02 1.518101255912072567e+01 4.292104207806920613e+01 -5.021456311208386580e+01
-3.200000000000000178e+00 5.964400311614319605e+00 2.409495410156879700e+02 1.458361914661437027e+02 1.515926061874971076e+01 4.233832481029383388e+01 -5.052775142998587654e+01
-3.189999999999999947e+00 6.115882779072983055e+00 2.413700101135811451e+02 1.453293550366975353e+02 1.513717779600390756e+01 4.175547104518183517e+01 -5.083925471885257252e+01
-3.179999999999999716e+00 6.267142767034378892e+00 2.417846499440896366e+02 1.448194119476331423e+02 1.511476483834609574e+01 4.117246945211027764e+01 -5.114908538645869385e+01
-3.169999999999999929e+00 6.418176977711418374e+00 2.421934589720503936e+02 1.443063788639000791e+02 1.509202245102197537e+01 4.058930864332621979e+01 -5.145725565491339637e+01
-3.160000000000000142e+00 6.568982120160335114e+00 2.425964355481587518e+02 1.437902723291605582e+02 1.506895129732176386e+01 4.000597717287040922e+01 -5.176377756286817089e+01
-3.149999999999999911e+00 6.719554909880578464e+00 2.429935779086111722e+02 1.432711087676856039e+02 1.504555199912357111e+01 3.942246353618720178e+01 -5.206866296873863575e+01
-3.140000000000000124e+00 6.869892068351035164e+00 2.433848841739040836e+02 1.427489044859697742e+02 1.502182513626975613e+01 3.883875616695894450e+01 -5.237192354967708496e+01
-3.129999999999999893e+00 7.019990322636168401e+00 2.437703523484799462e+02 1.422236756745965351e+02 1.499777124712099408e+01 3.825484343676627219e+01 -5.267357080481494336e+01
-3.120000000000000107e+00 7.169846404983609034e+00 2.441499803202319470e+02 1.416954384100441757e+02 1.497339082891781636e+01 3.767071365430047081e+01 -5.297361605779681071e+01
-3.109999999999999876e+00 7.319457052412609244e+00 2.445237658598585426e+02 1.411642086564299916e+02 1.494868433793771345e+01 3.708635506409839877e+01 -5.327207045856354739e+01
-3.100000000000000089e+00 7.468819006304137531e+00 2.448917066202060653e+02 1.406300022672373586e+02 1.492365218964117624e+01 3.650175584526222394e+01 -5.356894498508693658e+01
-3.089999999999999858e+00 7.617929011992579547e+00 2.452538001356003292e+02 1.400928349870258955e+02 1.489829475880656418e+01 3.591690411016264051e+01 -5.386425044505632798e+01
-3.080000000000000071e+00 7.766783818358803160e+00 2.456100438211664709e+02 1.395527224531249431e+02 1.487261237965380545e+01 3.533178790312570072e+01 -5.415799747751684379e+01
-3.069999999999999840e+00 7.915380177426811770e+00 2.459604349721550420e+02 1.390096801973132585e+02 1.484660534598054760e+01 3.474639519916197372e+01 -5.445019655454380114e+01
-3.060000000000000053e+00 8.063714843988165626e+00 2.463049707634797016e+02 1.384637236475043380e+02 1.482027391157336638e+01 3.416071390340238878e+01 -5.474085798387975643e+01
-3.049999999999999822e+00 8.211784575127410335e+00 2.466436482484019450e+02 1.379148681293360710e+02 1.479361828953236113e+01 3.357473184779617270e+01 -5.502999190772837323e+01
-3.040000000000000036e+00 8.359586129848423752e+00 2.469764643580423922e+02 1.373631288678269584e+02 1.476663865265873454e+01 3.298843679050710875e+01 -5.531760830529327677e+01
-3.030000000000000249e+00 8.507116268689763672e+00 2.473034159007794983e+02 1.368085209890075191e+02 1.473933513370353765e+01 3.240181641496776166e+01 -5.560371699482001873e+01
-3.020000000000000018e+00 8.654371753322628535e+00 2.476244995614836455e+02 1.362510595215247804e+02 1.471170782541152278e+01 3.181485832842480121e+01 -5.588832763490785283e+01
-3.009999999999999787e+00 8.801349346149507369e+00 2.479397119007381320e+02 1.356907593982328422e+02 1.468375678055460121e+01 3.122755006046665827e+01 -5.617144972577874995e+01
-3.000000000000000000e+00 8.948045809903405257e+00 2.482490493540472585e+02 1.351276354577709640e+02 1.465548201195483990e+01 3.063987906153271012e+01 -5.645309261050322647e+01
-2.990000000000000213e+00 9.094457907247431194e+00 2.485525082310304583e+02 1.345617024461295443e+02 1.462688349249681963e+01 3.005183270140331331e+01 -5.673326547618317761e+01
-2.979999999999999982e+00 9.240582400380169759e+00 2.488500847146302135e+02 1.339929750181947270e+02 1.459796115515719528e+01 2.946339826774596204e+01 -5.701197735518598364e+01
-2.969999999999999751e+00 9.386416050723518367e+00 2.491417748607113936e+02 1.334214677391373414e+02 1.456871489344132087e+01 2.887456296577628478e+01 -5.728923712775242905e+01
-2.959999999999999964e+00 9.531955618313524781e+00 2.494275745961807615e+02 1.328471950863115580e+02 1.453914456030111069e+01 2.828531391380108317e+01 -5.756505351944828419e+01
-2.950000000000000178e+00 9.677197861478241236e+00 2.497074797185083241e+02 1.322701714506397366e+02 1.450924996849956905e+01 2.769563814269999114e+01 -5.783943510351563333e+01
-2.939999999999999947e+00 9.822139536492116463e+00 2.499814858951187944e+02 1.316904111380285087e+02 1.447903089084585027e+01 2.710552259506299322e+01 -5.811239030277939577e+01
-2.929999999999999716e+00 9.966777397172059239e+00 2.502495886624813863e+02 1.311079283708764365e+02 1.444848706012522399e+01 2.651495412350646319e+01 -5.838392739051383273e+01
-2.919999999999999929e+00 1.011110819447335274e+01 2.505117834251859108e+02 1.305227372895722624e+02 1.441761816901932214e+01 2.592391948896944598e+01 -5.865405449127132442e+01
-2.910000000000000142e+00 1.025512867608532019e+01 2.507680654550038355e+02 1.299348519539838378e+02 1.438642387001649681e+01 2.533240535898951151e+01 -5.892277958167254326e+01
-2.899999999999999911e+00 1.039883558602640079e+01 2.510184298899341684e+02 1.293442863449383537e+02 1.435490377531199613e+01 2.474039830595720701e+01 -5.919011049115787415e+01
-2.889999999999999680e+00 1.054222566424160590e+01 2.512628717332470956e+02 1.287510543656888728e+02 1.432305745671082775e+01 2.414788480538411264e+01 -5.945605490274303406e+01
-2.879999999999999893e+00 1.068529564625288231e+01 2.515013858527557602e+02 1.281551698432630531e+02 1.429088444576512096e+01 2.355485123482811360e+01 -5.972062035455506646e+01
-2.870000000000000107e+00 1.082804226262158664e+01 2.517339669792215489e+02 1.275566465301863701e+02 1.425838423304839964e+01 2.296128387042664087e+01 -5.998381423847648364e+01
-2.859999999999999876e+00 1.097046223858439618e+01 2.519606097055361431e+02 1.269554981058428211e+02 1.422555626821423225e+01 2.236716888561394256e+01 -6.024564380141005415e+01
-2.849999999999999645e+00 1.111255229368141784e+01 2.521813084858555385e+02 1.263517381778423498e+02 1.419239996001337900e+01 2.177249234972778780e+01 -6.050611614640128977e+01
-2.839999999999999858e+00 1.125430914134337002e+01 2.523960576345370441e+02 1.257453802834636463e+02 1.415891467611931986e+01 2.117724022608804901e+01 -6.076523823311659100e+01
-2.830000000000000071e+00 1.139572948847747114e+01 2.526048513250587462e+02 1.251364378910909210e+02 1.412509974294311554e+01 2.058139837004958039e+01 -6.102301687828297361e+01
-2.820000000000000284e+00 1.153681003505185032e+01 2.528076835889218614e+02 1.245249244016457482e+02 1.409095444543736164e+01 1.998495252702844027e+01 -6.127945875608848780e+01
-2.810000000000000053e+00 1.167754747368369550e+01 2.530045483145550520e+02 1.239108531500009889e+02 1.405647802690905657e+01 1.938788833055639316e+01 -6.153457039860992950e+01
-2.799999999999999822e+00 1.181793848928167989e+01 2.531954392464243426e+02 1.232942374062524067e+02 1.402166968903621402e+01 1.879019130091071332e+01 -6.178835819691536813e+01
-2.790000000000000036e+00 1.195797975846497962e+01 2.533803499832423256e+02 1.226750903775319586e+02 1.398652859102455714e+01 1.819184684133219676e+01 -6.204082839930648419e+01
-2.780000000000000249e+00 1.209766794921259958e+01 2.535592739770820856e+02 1.220534252092455176e+02 1.395105384964166007e+01 1.759284023670895181e+01 -6.229198711247579467e+01
-2.770000000000000018e+00 1.223699972047434414e+01 2.537322045323276711e+02 1.214292549863972113e+02 1.391524453910107439e+01 1.699315665184107615e+01 -6.254184030216384826e+01
-2.759999999999999787e+00 1.237597172173981619e+01 2.538991348044465894e+02 1.208025927350085595e+02 1.387909969078233630e+01 1.639278112924600705e+01 -6.279039379326970760e+01
-2.750000000000000000e+00 1.251458059260529865e+01 2.540600577987427471e+02 1.201734514235351696e+02 1.384261829293978963e+01 1.579169858693355266e+01 -6.303765326992353124e+01
-2.740000000000000213e+00 1.265282296233825576e+01 2.542149663690897796e+02 1.195418439642810000e+02 1.380579929039985210e+01 1.518989381614918344e+01 -6.328362427552017522e+01
-2.729999999999999982e+00 1.279069544944895398e+01 2.543638532166791606e+02 1.189077832147858800e+02 1.376864158428251983e+01 1.458735147918746122e+01 -6.352831221283183538e+01
-2.719999999999999751e+00 1.292819466132205619e+01 2.545067108889817291e+02 1.182712819790460799e+02 1.373114403194598410e+01 1.398405610784245567e+01 -6.377172234485466618e+01
-2.709999999999999964e+00 1.306531719356515708e+01 2.546435317776421243e+02 1.176323530094753806e+02 1.369330544586725296e+01 1.337999209882313423e+01 -6.401385979215356770e+01
-2.700000000000000178e+00 1.320205962966929292e+01 2.547743081175258624e+02 1.169910090080332310e+02 1.365512459369187859e+01 1.277514371250351388e+01 -6.425472953405484589e+01
-2.689999999999999947e+00 1.333841854059647503e+01 2.548990319854835889e+02 1.163472626275375461e+02 1.361660019800879695e+01 1.216949507088802562e+01 -6.449433640893452946e+01
-2.679999999999999716e+00 1.347439048432201503e+01 2.550176952989362462e+02 1.157011264730899569e+02 1.357773093595478997e+01 1.156303015509002563e+01 -6.473268511394662994e+01
-2.669999999999999929e+00 1.360997200537372009e+01 2.551302898144375604e+02 1.150526131035006898e+02 1.353851543880681163e+01 1.095573280277433525e+01 -6.496978020471267712e+01
-2.660000000000000142e+00 1.374515963436779487e+01 2.552368071262145861e+02 1.144017350327150382e+02 1.349895229156173215e+01 1.034758670556207250e+01 -6.520562609497089568e+01
-2.649999999999999911e+00 1.387994988756033621e+01 2.553372386647508847e+02 1.137485047311872961e+02 1.345904003256646497e+01 9.738575406573549031e+00 -6.544022705639564208e+01
-2.639999999999999680e+00 1.401433926647036898e+01 2.554315756956077337e+02 1.130929346270444000e+02 1.341877715338368660e+01 9.128682298625779623e+00 -6.567358721920501807e+01
-2.629999999999999893e+00 1.414832425709869668e+01 2.555198093168268088e+02 1.124350371083831419e+02 1.337816209731921191e+01 8.517890618688806370e+00 -6.590571056830722796e+01
-2.620000000000000107e+00 1.428190132962386016e+01 2.556019304579830873e+02 1.117748245242114535e+02 1.333719325952745294e+01 7.906183446744964982e+00 -6.613660094471363493e+01
-2.609999999999999876e+00 1.441506693796188543e+01 2.556779298787529058e+02 1.111123091857662644e+02 1.329586898666578243e+01 7.293543703383992494e+00 -6.636626204545032692e+01
-2.599999999999999645e+00 1.454781751927140121e+01 2.557477981672806777e+02 1.104475033679778591e+02 1.325418757636805545e+01 6.679954146888409383e+00 -6.659469742287026861e+01
-2.589999999999999858e+00 1.468014949345474918e+01 2.558115257385202312e+02 1.097804193109372761e+02 1.321214727670469635e+01 6.065397370275903199e+00 -6.682191048392431298e+01
-2.580000000000000071e+00 1.481205926265468520e+01 2.558691028325506522e+02 1.091110692213682114e+02 1.316974628562865490e+01 5.449855798296788123e+00 -6.704790448938963721e+01
-2.570000000000000284e+00 1.494354321077398140e+01 2.559205195129571280e+02 1.084394652740233909e+02 1.312698275051078767e+01 4.833311684670313468e+00 -6.727268255340402447e+01
-2.560000000000000053e+00 1.507459770305055002e+01 2.559657656653855042e+02 1.077656196129100152e+02 1.308385476788790136e+01 4.215747109898117628e+00 -6.749624764372217101e+01
-2.549999999999999822e+00 1.520521908520715471e+01 2.560048309946640757e+02 1.070895443537524159e+02 1.304036038160633026e+01 3.597143974662593280e+00 -6.771860257657171189e+01
-2.540000000000000036e+00 1.533540368313743230e+01 2.560377050237059393e+02 1.064112515848758846e+02 1.299649758299646507e+01 2.977483998796287779e+00 -6.793975001835809735e+01
-2.530000000000000249e+00 1.546514780241414044e+01 2.560643770918065343e+02 1.057307533686026204e+02 1.295226431037961135e+01 2.356748718408702814e+00 -6.815969248512590184e+01
-2.520000000000000018e+00 1.559444772774744337e+01 2.560848363527624656e+02 1.050480617427855918e+02 1.290765844839040000e+01 1.734919482497645049e+00 -6.837843234140537163e+01
-2.509999999999999787e+00 1.572329972243778684e+01 2.560990717729607695e+02 1.043631887223499035e+02 1.286267782728377895e+01 1.111977449509097937e+00 -6.859597179901402342e+01
-2.500000000000000000e+00 1.585170002782315990e+01 2.561070721294381087e+02 1.036761463008422055e+02 1.281732022222580625e+01 4.879035838425664906e-01 -6.881231291581059395e+01
-2.490000000000000213e+00 1.597964486277852458e+01 2.561088260080913415e+02 1.029869464518100273e+02 1.277158335275669465e+01 -1.373213471786343121e-01 -6.902745759503592637e+01
-2.479999999999999982e+00 1.610713042326499789e+01 2.561043218020312793e+02 1.022956011300184542e+02 1.272546488241864715e+01 -7.637167758932577044e-01 -6.924140758521539851e+01
-2.469999999999999751e+00 1.623415288121849898e+01 2.560935477078517124e+02 1.016021222746927464e+02 1.267896241623664366e+01 -1.391302342816544524e+00 -6.945416447284983974e+01
-2.459999999999999964e+00 1.636070838434115515e+01 2.560764917247178118e+02 1.009065218099700019e+02 1.263207350114021388e+01 -2.020097897060040282e+00 -6.966572968500415186e+01
-2.450000000000000178e+00 1.648679305556166241e+01 2.560531416524032124e+02 1.002088116463612693e+02 1.258479562531119988e+01 -2.650123499723186171e+00 -6.987610448829315146e+01
-2.439999999999999947e+00 1.661240299243053897e+01 2.560234850891098972e+02 9.950900368240488092e+01 1.253712621732292654e+01 -3.281399427871882324e+00 -7.008528998717486047e+01
-2.429999999999999716e+00 1.673753426650889153e+01 2.559875094292547715e+02 9.880710980633037366e+01 1.248906264526191023e+01 -3.913946178577702995e+00 -7.029328712219434294e+01
-2.419999999999999929e+00 1.686218292275023245e+01 2.559452018612222446e+02 9.810314189773379212e+01 1.244060221583091064e+01 -4.547784473021550866e+00 -7.050009666817446430e+01
-2.410000000000000142e+00 1.698634497894706996e+01 2.558965493653021781e+02 9.739711182904171949e+01 1.239174217369093789e+01 -5.182935260079197803e+00 -7.070571923331416997e+01
-2.399999999999999911e+00 1.711001642517388888e+01 2.558415387116041586e+02 9.668903146697601869e+01 1.234247970079781176e+01 -5.819419719943240921e+00 -7.091015525828416344e+01
-2.389999999999999680e+00 1.723319322262996423e+01 2.557801564561063685e+02 9.597891267588107667e+01 1.229281191358636249e+01 -6.457259272644122916e+00 -7.111340500732099201e+01
-2.379999999999999893e+00 1.735587130337396289e+01 2.557123889394419507e+02 9.526676731825908462e+01 1.224273586337050368e+01 -7.096475579314805771e+00 -7.131546857132352102e+01
-2.370000000000000107e+00 1.747804656969776005e+01 2.556382222845588217e+02 9.455260725642065722e+01 1.219224853545287068e+01 -7.737090546404850500e+00 -7.151634586616096101e+01
-2.359999999999999876e+00 1.759971489344712126e+01 2.555576423942020199e+02 9.383644435429096120e+01 1.214134684805201303e+01 -8.379126330335417094e+00 -7.171603663032180975e+01
-2.349999999999999645e+00 1.772087211533418483e+01 2.554706349483566328e+02 9.311829047923134794e+01 1.209002765120819589e+01 -9.022605342231784675e+00 -7.191454042250437340e+01
-2.339999999999999858e+00 1.784151404424109444e+01 2.553771854016495126e+02 9.239815750387816706e+01 1.203828772566631145e+01 -9.667550252737783012e+00 -7.211185661914450407e+01
-2.330000000000000071e+00 1.796163645665750863e+01 2.552772789811170639e+02 9.167605730752902105e+01 1.198612378225531394e+01 -1.031398399554671386e+01 -7.230798441367595331e+01
-2.320000000000000284e+00 1.808123509601792733e+01 2.551709006836706521e+02 9.095200177784688833e+01 1.193353246091309572e+01 -1.096192977188711382e+01 -7.250292281458170862e+01
-2.310000000000000053e+00 1.820030567118208253e+01 2.550580352711016019e+02 9.022600281537229705e+01 1.188051032660446538e+01 -1.161141106320042837e+01 -7.269667063272234486e+01
-2.299999999999999822e+00 1.831884385634276668e+01 2.549386672691402964e+02 8.949807233332509782e+01 1.182705387044216039e+01 -1.226245163016174899e+01 -7.288922648666779480e+01
-2.290000000000000036e+00 1.843684529031160579e+01 2.548127809647251638e+02 8.876822225944087563e+01 1.177315950855608406e+01 -1.291507551764512129e+01 -7.308058880026297288e+01
-2.280000000000000249e+00 1.855430557574108263e+01 2.546803604030714894e+02 8.803646453800487848e+01 1.171882358074167030e+01 -1.356930706029390876e+01 -7.327075579944775541e+01
-2.270000000000000018e+00 1.867122027833652709e+01 2.545413893846953215e+02 8.730281113190594056e+01 1.166404234908388737e+01 -1.422517088817992459e+01 -7.345972550901105080e+01
-2.259999999999999787e+00 1.878758492605766151e+01 2.543958514623898566e+02 8.656727402471202026e+01 1.160881199655487528e+01 -1.488269193255712253e+01 -7.364749574927249398e+01
-2.250000000000000000e+00 1.890339500838263831e+01 2.542437299383618381e+02 8.582986522252673467e+01 1.155312862587804545e+01 -1.554189543079848335e+01 -7.383406413359942633e+01
-2.240000000000000213e+00 1.901864597547372071e+01 2.540850078610702667e+02 8.509059675615672802e+01 1.149698825801574387e+01 -1.620280693251535808e+01 -7.401942806476500891e+01
-2.229999999999999982e+00 1.913333323703007594e+01 2.539196680211549904e+02 8.434948068429577006e+01 1.144038682942387553e+01 -1.686545230952319940e+01 -7.420358472749063594e+01
-2.219999999999999751e+00 1.924745216171988815e+01 2.537476929489983490e+02 8.360652909478785944e+01 1.138332019164061215e+01 -1.752985775855726303e+01 -7.438653108823434934e+01
-2.209999999999999964e+00 1.936099807632669467e+01 2.535690649114537223e+02 8.286175410681774167e+01 1.132578410975140137e+01 -1.819604980749371492e+01 -7.456826389150214140e+01
-2.200000000000000178e+00 1.947396626486596460e+01 2.533837659084704796e+02 8.211516787318527122e+01 1.126777426075428146e+01 -1.886405532189019851e+01 -7.474877965585683626e+01
-2.189999999999999947e+00 1.958635196769488829e+01 2.531917776696809028e+02 8.136678258258859842e+01 1.120928623191586126e+01 -1.953390151158589561e+01 -7.492807466992074694e+01
-2.179999999999999716e+00 1.969815038074333557e+01 2.529930816513119680e+02 8.061661046149279741e+01 1.115031551959141254e+01 -2.020561593626952401e+01 -7.510614499012203282e+01
-2.169999999999999929e+00 1.980935665422295244e+01 2.527876590315958651e+02 7.986466377770720726e+01 1.109085752613212605e+01 -2.087922651550341158e+01 -7.528298643140419699e+01
-2.160000000000000142e+00 1.991996589184108046e+01 2.525754907075944402e+02 7.911095484228160046e+01 1.103090755867514261e+01 -2.155476153444347887e+01 -7.545859456492252093e+01
-2.149999999999999911e+00 2.002997314994335198e+01 2.523565572918007831e+02 7.835549601162297506e+01 1.097046082768763853e+01 -2.223224965017010391e+01 -7.563296471486405892e+01
-2.139999999999999680e+00 2.013937343652160550e+01 2.521308391083391598e+02 7.759829969004229611e+01 1.090951244503029116e+01 -2.291171989917291540e+01 -7.580609195352457164e+01
-2.129999999999999893e+00 2.024816171020564326e+01 2.518983161890984093e+02 7.683937833233977699e+01 1.084805742197890410e+01 -2.359320170497804980e+01 -7.597797109626520751e+01
-2.120000000000000107e+00 2.035633287932798297e+01 2.516589682700371782e+02 7.607874444612264142e+01 1.078609066754775547e+01 -2.427672488522922123e+01 -7.614859669769504080e+01
-2.109999999999999876e+00 2.046388180082219321e+01 2.514127747870208225e+02 7.531641059467567345e+01 1.072360698619421093e+01 -2.496231966007530190e+01 -7.631796304547769694e+01
-2.099999999999999645e+00 2.057080327885286763e+01 2.511597148709177247e+02 7.455238940073300569e+01 1.066060107451330197e+01 -2.565001666265368385e+01 -7.648606415023189697e+01
-2.089999999999999858e+00 2.067709206406399147e+01 2.508997673443229814e+02 7.378669354811401604e+01 1.059706752033270405e+01 -2.633984694481423361e+01 -7.665289374487880991e+01
-2.080000000000000071e+00 2.078274285247359998e+01 2.506329107173129955e+02 7.301933578455228258e+01 1.053300080047038989e+01 -2.703184198560134632e+01 -7.681844527880510043e+01
-2.070000000000000284e+00 2.088775028433481395e+01 2.503591231830847335e+02 7.225032892462147061e+01 1.046839527838627149e+01 -2.772603370002033785e+01 -7.698271191166405458e+01
-2.060000000000000053e+00 2.099210894299335095e+01 2.500783826135577783e+02 7.147968585265228114e+01 1.040324520184505808e+01 -2.842245444784090580e+01 -7.714568650726434385e+01
-2.049999999999999822e+00 2.109581335394316781e+01 2.497906665554468759e+02 7.070741952492714688e+01 1.033754470137494508e+01 -2.912113704068781317e+01 -7.730736163049186871e+01
-2.040000000000000036e+00 2.119885798299893764e+01 2.494959522240802414e+02 6.993354297497862149e+01 1.027128778531715625e+01 -2.982211475680419710e+01 -7.746772953148888519e+01
-2.030000000000000249e+00 2.130123723537131752e+01 2.491942164994619873e+02 6.915806931567034610e+01 1.020446833841318579e+01 -3.052542134798625284e+01 -7.762678214315499758e+01
-2.020000000000000018e+00 2.140294545457383180e+01 2.488854359218797754e+02 6.838101174185155173e+01 1.013708011976423862e+01 -3.123109104798607660e+01 -7.778451107634252537e+01
-2.009999999999999787e+00 2.150397692112620263e+01 2.485695866869686768e+02 6.760238353370908726e+01 1.006911676002623679e+01 -3.193915858268925234e+01 -7.794090761223495178e+01
-2.000000000000000000e+00 2.160432585123490767e+01 2.482466446406869238e+02 6.682219806017647556e+01 1.000057175854476910e+01 -3.264965918049659876e+01 -7.809596269455190054e+01
-1.989999999999999769e+00 2.170398639560455933e+01 2.479165852745911707e+02 6.604046878185877745e+01 9.931438481104295946e+00 -3.336262858152653621e+01 -7.824966692420063907e+01
-1.979999999999999982e+00 2.180295263793423999e+01 2.475793837202809300e+02 6.525720925504393222e+01 9.861710156337061051e+00 -3.407810304965673254e+01 -7.840201054878667719e+01
-1.969999999999999751e+00 2.190121859308153773e+01 2.472350147429661433e+02 6.447243313686094268e+01 9.791379870715253730e+00 -3.479611938756491440e+01 -7.855298344668860011e+01
-1.959999999999999964e+00 2.199877820614910107e+01 2.468834527373442711e+02 6.368615418716291288e+01 9.720440567638652496e+00 -3.551671494344232372e+01 -7.870257512710017522e+01
-1.950000000000000178e+00 2.209562535102095282e+01 2.465246717220464632e+02 6.289838627232398949e+01 9.648885044151633394e+00 -3.623992762267103274e+01 -7.885077472093628614e+01
-1.939999999999999947e+00 2.219175382885441294e+01 2.461586453339378124e+02 6.210914336916782474e+01 9.576705947512472505e+00 -3.696579589989865156e+01 -7.899757097123516303e+01
-1.930000000000000160e+00 2.228715736658177349e+01 2.457853468223962068e+02 6.131843956882808300e+01 9.503895771837932216e+00 -3.769435883107618679e+01 -7.914295222394015639e+01
-1.919999999999999929e+00 2.238182961575712326e+01 2.454047490443255413e+02 6.052628907928693991e+01 9.430446856158942737e+00 -3.842565606291161373e+01 -7.928690642439467240e+01
-1.910000000000000142e+00 2.247576414980052562e+01 2.450168244555143247e+02 5.973270623386859768e+01 9.356351376134103504e+00 -3.915972785454923155e+01 -7.942942108861259953e+01
-1.899999999999999911e+00 2.256895446296861607e+01 2.446215451058373276e+02 5.893770549324864305e+01 9.281601342673972965e+00 -3.989661508616707408e+01 -7.957048330221272181e+01
-1.890000000000000124e+00 2.266139396893970215e+01 2.442188826335431884e+02 5.814130144886949836e+01 9.206188599069768941e+00 -4.063635927054998120e+01 -7.971007971347319199e+01
-1.879999999999999893e+00 2.275307599906983214e+01 2.438088082587520660e+02 5.734350882755001777e+01 9.130104816851073224e+00 -4.137900256721341918e+01 -7.984819652140576807e+01
-1.870000000000000107e+00 2.284399380061692852e+01 2.433912927768345469e+02 5.654434249617827390e+01 9.053341491556853526e+00 -4.212458779681806220e+01 -7.998481946357702554e+01
-1.859999999999999876e+00 2.293414053521547658e+01 2.429663065523324690e+02 5.574381746545296323e+01 8.975889939720200772e+00 -4.287315845357353794e+01 -8.011993380900062789e+01
-1.850000000000000089e+00 2.302350927672621239e+01 2.425338195113635038e+02 5.494194889587873121e+01 8.897741293041391941e+00 -4.362475872277627786e+01 -8.025352433963479371e+01
-1.839999999999999858e+00 2.311209300868758731e+01 2.420938011330409836e+02 5.413875210518479975e+01 8.818886490793001798e+00 -4.437943350163526190e+01 -8.038557532475886092e+01
-1.830000000000000071e+00 2.319988462323375700e+01 2.416462204442957784e+02 5.333424257033718874e+01 8.739316279041487334e+00 -4.513722840815746196e+01 -8.051607052335093329e+01
-1.819999999999999840e+00 2.328687691910067414e+01 2.411910460125035627e+02 5.252843593285401624e+01 8.659021205741083804e+00 -4.589818979751654382e+01 -8.064499316969690312e+01
-1.810000000000000053e+00 2.337306259957254539e+01 2.407282459379221962e+02 5.172134800430237789e+01 8.577991615625196076e+00 -4.666236477894329937e+01 -8.077232595829181605e+01
-1.799999999999999822e+00 2.345843427046377982e+01 2.402577878461248133e+02 5.091299477160003306e+01 8.496217645322406753e+00 -4.742980123242807622e+01 -8.089805102981614482e+01
-1.790000000000000036e+00 2.354298443861463142e+01 2.397796388813162025e+02 5.010339240019563789e+01 8.413689220828652893e+00 -4.820054782172571350e+01 -8.102214996711022366e+01
-1.779999999999999805e+00 2.362670550782807055e+01 2.392937656948113556e+02 4.929255724749400258e+01 8.330396043656175920e+00 -4.897465402622069064e+01 -8.114460374390947095e+01
-1.770000000000000018e+00 2.370958977768551179e+01 2.388001344387968459e+02 4.848050586463538281e+01 8.246327589872866071e+00 -4.975217015173996771e+01 -8.126539272766703448e+01
-1.759999999999999787e+00 2.379162944161917181e+01 2.382987107586283173e+02 4.766725500120877257e+01 8.161473105904120118e+00 -5.053314734690749788e+01 -8.138449666898088708e+01
-1.750000000000000000e+00 2.387281658450854493e+01 2.377894597841621476e+02 4.685282161182093574e+01 8.075821602291231471e+00 -5.131763762307697618e+01 -8.150189468262506409e+01
-1.739999999999999769e+00 2.395314318023054767e+01 2.372723461209167510e+02 4.603722286279022313e+01 7.989361847318905419e+00 -5.210569387469600855e+01 -8.161756522819362658e+01
-1.729999999999999982e+00 2.403260108932313699e+01 2.367473338413175838e+02 4.522047613828875257e+01 7.902082361255127196e+00 -5.289736989888698560e+01 -8.173148609347443028e+01
-1.719999999999999751e+00 2.411118205622730670e+01 2.362143864751655542e+02 4.440259904818776704e+01 7.813971408728199286e+00 -5.369272041831371212e+01 -8.184363437018755860e+01
-1.709999999999999964e+00 2.418887770636937162e+01 2.356734669997448464e+02 4.358360943649982744e+01 7.725016990455760180e+00 -5.449180110534489785e+01 -8.195398642718126325e+01
-1.699999999999999734e+00 2.426567954392384863e+01 2.351245378309131695e+02 4.276352538686965943e+01 7.635206838215662373e+00 -5.529466860113610949e+01 -8.206251789738897173e+01
-1.689999999999999947e+00 2.434157894905926867e+01 2.345675608132532091e+02 4.194236523016481044e+01 7.544528407519551116e+00 -5.610138053872711339e+01 -8.216920365534227244e+01
-1.680000000000000160e+00 2.441656717523676434e+01 2.340024972103686309e+02 4.112014755188720017e+01 7.452968870651760724e+00 -5.691199556594824571e+01 -8.227401779651796687e+01
-1.669999999999999929e+00 2.449063534610257875e+01 2.334293076939430023e+02 4.029689120086412402e+01 7.360515107863828455e+00 -5.772657337118440068e+01 -8.237693360883082505e+01
-1.660000000000000142e+00 2.456377445239205315e+01 2.328479523328132927e+02 3.947261529788811885e+01 7.267153698739417855e+00 -5.854517470922664302e+01 -8.247792354511329904e+01
-1.649999999999999911e+00 2.463597534920422305e+01 2.322583905831354514e+02 3.864733924316097813e+01 7.172870915463878561e+00 -5.936786142482964834e+01 -8.257695920419311619e+01
-1.640000000000000124e+00 2.470722875284528541e+01 2.316605812772453987e+02 3.782108272510276237e+01 7.077652714137260048e+00 -6.019469647931076395e+01 -8.267401130364687845e+01
-1.629999999999999893e+00 2.477752523777884619e+01 2.310544826123928317e+02 3.699386572848984400e+01 6.981484726672523955e+00 -6.102574397624410807e+01 -8.276904965504895983e+01
-1.620000000000000107e+00 2.484685523296575127e+01 2.304400521388736820e+02 3.616570854544549718e+01 6.884352250030724818e+00 -6.186106919247501423e+01 -8.286204312876080280e+01
-1.609999999999999876e+00 2.491520901834530832e+01 2.298172467480491150e+02 3.533663178558281714e+01 6.786240236202385923e+00 -6.270073860792868459e+01 -8.295295962186357031e+01
-1.600000000000000089e+00 2.498257672175736133e+01 2.291860226604418926e+02 3.450665638382290012e+01 6.687133284294977109e+00 -6.354481993160818831e+01 -8.304176603465860751e+01
-1.589999999999999858e+00 2.504894831530668142e+01 2.285463354132385803e+02 3.367580361078656637e+01 6.587015630200259153e+00 -6.439338213244627696e+01 -8.312842823767654465e+01
-1.580000000000000071e+00 2.511431361186672362e+01 2.278981398482150098e+02 3.284409508274486456e+01 6.485871137117621643e+00 -6.524649546708285186e+01 -8.321291104104396652e+01
-1.569999999999999840e+00 2.517866226080347758e+01 2.272413900972273382e+02 3.201155277398502363e+01 6.383683282314525975e+00 -6.610423151999064828e+01 -8.329517815263557168e+01
-1.560000000000000053e+00 2.524198374399412614e+01 2.265760395686149025e+02 3.117819902825605993e+01 6.280435145532430319e+00 -6.696666323782828556e+01 -8.337519214085757824e+01
-1.549999999999999822e+00 2.530426737224501821e+01 2.259020409348431713e+02 3.034405656897332904e+01 6.176109399566431790e+00 -6.783386495621726908e+01 -8.345291440358573709e+01
-1.540000000000000036e+00 2.536550228109375738e+01 2.252193461182412193e+02 2.950914851134202621e+01 6.070688297921439158e+00 -6.870591243594779485e+01 -8.352830512826946574e+01
-1.529999999999999805e+00 2.542567742683734267e+01 2.245279062767853873e+02 2.867349837329289386e+01 5.964153664171670144e+00 -6.958288290621302963e+01 -8.360132326643619649e+01
-1.520000000000000018e+00 2.548478158141965366e+01 2.238276717884258460e+02 2.783713009150425677e+01 5.856486874556076749e+00 -7.046485508948488530e+01 -8.367192645807790541e+01
-1.509999999999999787e+00 2.554280332791979191e+01 2.231185922358537255e+02 2.700006803450197168e+01 5.747668844628901930e+00 -7.135190924081534547e+01 -8.374007098861351039e+01
-1.500000000000000000e+00 2.559973105644149527e+01 2.224006163914818046e+02 2.616233701375048071e+01 5.637680018737982302e+00 -7.224412719803106597e+01 -8.380571176918419951e+01
-1.489999999999999769e+00 2.565555295923575585e+01 2.216736922013498940e+02 2.532396229809083366e+01 5.526500355098239226e+00 -7.314159242118317650e+01 -8.386880228520644209e+01
-1.479999999999999982e+00 2.571025702618794639e+01 2.209377667691310592e+02 2.448496962628375684e+01 5.414109312485221537e+00 -7.404439002703635708e+01 -8.392929455002698091e+01
-1.469999999999999751e+00 2.576383103860435142e+01 2.201927863381979762e+02 2.364538522730803294e+01 5.300485829982310548e+00 -7.495260684571071863e+01 -8.398713903737683495e+01
-1.459999999999999964e+00 2.581626256411831832e+01 2.194386962745122105e+02 2.280523583521595299e+01 5.185608311467655440e+00 -7.586633146225038615e+01 -8.404228462833017943e+01
-1.449999999999999734e+00 2.586753895195620956e+01 2.186754410495787226e+02 2.196454870209215215e+01 5.069454611684518497e+00 -7.678565425304236669e+01 -8.409467856302759969e+01
-1.439999999999999947e+00 2.591764732723864029e+01 2.179029642221559584e+02 2.112335161530512551e+01 4.952002018402366090e+00 -7.771066743445781810e+01 -8.414426638029006256e+01
-1.430000000000000160e+00 2.596657458570825838e+01 2.171212084203579593e+02 2.028167291274208139e+01 4.833227237272190280e+00 -7.864146510931522016e+01 -8.419099187020057684e+01
-1.419999999999999929e+00 2.601430738639769302e+01 2.163301153204812977e+02 1.943954150675677539e+01 4.713106365409602816e+00 -7.957814332645430966e+01 -8.423479697541058897e+01
-1.410000000000000142e+00 2.606083214582052676e+01 2.155296256278319902e+02 1.859698690136141153e+01 4.591614873860322632e+00 -8.052080013138265713e+01 -8.427562173389767963e+01
-1.399999999999999911e+00 2.610613503232307409e+01 2.147196790575398495e+02 1.775403920853963768e+01 4.468727591300368118e+00 -8.146953561637232610e+01 -8.431340422800110446e+01
-1.390000000000000124e+00 2.615020195941978187e+01 2.139002143136185623e+02 1.691072916875506849e+01 4.344418682365802198e+00 -8.242445197729466599e+01 -8.434808050939459179e+01
-1.379999999999999893e+00 2.619301857967676028e+01 2.130711690681452239e+02 1.606708816858540700e+01 4.218661629381616152e+00 -8.338565357226750052e+01 -8.437958454378441786e+01
-1.370000000000000107e+00 2.623457027589910950e+01 2.122324799376901296e+02 1.522314827089584099e+01 4.091429199422629281e+00 -8.435324698094571261e+01 -8.440784807677212598e+01
-1.359999999999999876e+00 2.627484215451659821e+01 2.113840824612939286e+02 1.437894223427286278e+01 3.962693423992432074e+00 -8.532734106645477823e+01 -8.443280056990698768e+01
-1.350000000000000089e+00 2.631381903890204299e+01 2.105259110779846026e+02 1.353450353248054228e+01 3.832425578706320834e+00 -8.630804703917840470e+01 -8.445436913813617252e+01
-1.339999999999999858e+00 2.635148546151532400e+01 2.096578991028437713e+02 1.268986637919088167e+01 3.700596156818848570e+00 -8.729547852205843128e+01 -8.447247845509312469e+01
-1.330000000000000071e+00 2.638782565603517938e+01 2.087799787025585943e+02 1.184506575239954174e+01 3.567174843099865100e+00 -8.828975161761128732e+01 -8.448705066154356302e+01
-1.319999999999999840e+00 2.642282354851538884e+01 2.078920808699493534e+02 1.100013742335541878e+01 3.432130482626046586e+00 -8.929098497797886580e+01 -8.449800524859028883e+01
-1.310000000000000053e+00 2.645646274904256501e+01 2.069941353982041505e+02 1.015511798256238762e+01 3.295431052849943754e+00 -9.029929987615403775e+01 -8.450525895947043864e+01
-1.299999999999999822e+00 2.648872654314194364e+01 2.060860708544596207e+02 9.310044866658039098e+00 3.157043634697888734e+00 -9.131482027948138125e+01 -8.450872568779224991e+01
-1.290000000000000036e+00 2.651959788257873640e+01 2.051678145524253694e+02 8.464956387851685804e+00 3.016934380719856534e+00 -9.233767292581524089e+01 -8.450831636179761119e+01
-1.279999999999999805e+00 2.654905937562238805e+01 2.042392925239223587e+02 7.619891765462220690e+00 2.875068480684165095e+00 -9.336798740211929726e+01 -8.450393881660389184e+01
-1.270000000000000018e+00 2.657709327759840789e+01 2.033004294904672236e+02 6.774891155931591413e+00 2.731410129284448374e+00 -9.440589622548272075e+01 -8.449549767969770642e+01
-1.259999999999999787e+00 2.660368148085878204e+01 2.023511488335393835e+02 5.929995685007810380e+00 2.585922491069517548e+00 -9.545153492826030117e+01 -8.448289424444098472e+01
-1.250000000000000000e+00 2.662880550385317591e+01 2.013913725638603296e+02 5.085247484057212830e+00 2.438567660797588132e+00 -9.650504214040807938e+01 -8.446602631677248496e+01
-1.239999999999999769e+00 2.665244648042242304e+01 2.004210212899578494e+02 4.240689724644497005e+00 2.289306625585686206e+00 -9.756655968057943085e+01 -8.444478807809417731e+01
-1.229999999999999982e+00 2.667458514875206532e+01 1.994400141858636175e+02 3.396366654308039301e+00 2.138099225674437776e+00 -9.863623264898902221e+01 -8.441906994198899383e+01
-1.219999999999999751e+00 2.669520183963975413e+01 1.984482689578191525e+02 2.552323635309640792e+00 1.984904111864850051e+00 -9.971420952104045909e+01 -8.438875839351554475e+01
-1.209999999999999964e+00 2.671427646385350130e+01 1.974457018098368053e+02 1.708607187453175413e+00 1.829678698416310922e+00 -1.008006422523329633e+02 -8.435373581233966434e+01
-1.199999999999999734e+00 2.673178850009291097e+01 1.964322274086739242e+02 8.652650272038542312e-01 1.672379119861622243e+00 -1.018956863706231388e+02 -8.431388030748848905e+01
-1.189999999999999947e+00 2.674771698208615334e+01 1.954077588477345273e+02 2.234611068619329899e-02 1.512960183796597136e+00 -1.029995010828565682e+02 -8.426906554144922268e+01
-1.180000000000000160e+00 2.676204048453197615e+01 1.943722076092886653e+02 -8.200993183167852862e-01 1.351375316955001793e+00 -1.041122493782760046e+02 -8.421916051502945777e+01
-1.169999999999999929e+00 2.677473710913445615e+01 1.933254835261672611e+02 -1.662019681257866921e+00 1.187576513144472656e+00 -1.052340981418509358e+02 -8.416402936994923323e+01
-1.160000000000000142e+00 2.678578447039672383e+01 1.922674947425039136e+02 -2.503362017124857175e+00 1.021514280686748322e+00 -1.063652182746677965e+02 -8.410353119392280519e+01
-1.149999999999999911e+00 2.679515968049729224e+01 1.911981476728612108e+02 -3.344071930975651696e+00 8.531375847363040776e-01 -1.075057848131670255e+02 -8.403751979718374798e+01
-1.140000000000000124e+00 2.680283933259634210e+01 1.901173469606617346e+02 -4.184093534494273570e+00 6.823937816839489301e-01 -1.086559770337695454e+02 -8.396584343533997696e+01
-1.129999999999999893e+00 2.680879948534834512e+01 1.890249954346060690e+02 -5.023369394571204793e+00 5.092285606272319853e-01 -1.098159785936266957e+02 -8.388834459729183379e+01
-1.120000000000000107e+00 2.681301564610745913e+01 1.879209940642378740e+02 -5.861840475445475818e+00 3.335858784050902415e-01 -1.109859776586399107e+02 -8.380485974890144973e+01
-1.109999999999999876e+00 2.681546275259753997e+01 1.868052419143351983e+02 -6.699446073409013991e+00 1.554078866599297726e-01 -1.121661670339276071e+02 -8.371521903527582253e+01
-1.100000000000000089e+00 2.681611515441828075e+01 1.856776360979009439e+02 -7.536123751667510362e+00 -2.536514129727152067e-02 -1.133567442988463085e+02 -8.361924598541465059e+01
-1.089999999999999858e+00 2.681494659454540397e+01 1.845380717276499638e+02 -8.371809276287876855e+00 -2.087948827581520561e-01 -1.145579119467242464e+02 -8.351675722509712330e+01
-1.080000000000000071e+00 2.681193018957365126e+01 1.833864418659423734e+02 -9.206436546497371864e+00 -3.949450437590726892e-01 -1.157698775316029156e+02 -8.340756216315439531e+01
-1.069999999999999840e+00 2.680703840744851618e+01 1.822226374744551549e+02 -1.003993751158392911e+01 -5.838814545468871131e-01 -1.169928538092922992e+02 -8.329146257967856570e+01
-1.060000000000000053e+00 2.680024304713926142e+01 1.810465473604192255e+02 -1.087224210086230869e+01 -7.756721473221173113e-01 -1.182270588989774325e+02 -8.316825232556914216e+01
-1.049999999999999822e+00 2.679151521637454536e+01 1.798580581220923023e+02 -1.170327814372234343e+01 -9.703874462905535125e-01 -1.194727164409718512e+02 -8.303771695256088492e+01
-1.040000000000000036e+00 2.678082530769750491e+01 1.786570540929980098e+02 -1.253297128149804962e+01 -1.168100068854604601e+00 -1.207300557599232320e+02 -8.289963328696819644e+01
-1.029999999999999805e+00 2.676814297374348683e+01 1.774434172844197519e+02 -1.336124487642880609e+01 -1.368885229799209569e+00 -1.219993120318710709e+02 -8.275376899010684895e+01
-1.020000000000000018e+00 2.675343710243796380e+01 1.762170273259086741e+02 -1.418801992166959991e+01 -1.572820742680550055e+00 -1.232807264562943175e+02 -8.259988213763757869e+01
-1.009999999999999787e+00 2.673667578997218186e+01 1.749777614042548919e+02 -1.501321494041246041e+01 -1.779987134014165306e+00 -1.245745464199735579e+02 -8.243772072349595703e+01
-1.000000000000000000e+00 2.671782631295263144e+01 1.737254942006735519e+02 -1.583674588186694621e+01 -1.990467761967705584e+00 -1.258810256738857163e+02 -8.226702214914290323e+01
-9.899999999999997691e-01 2.669685510012107699e+01 1.724600978256823680e+02 -1.665852601663763011e+01 -2.204348938258842594e+00 -1.272004245364658459e+02 -8.208751271510678293e+01
-9.799999999999999822e-01 2.667372770168407570e+01 1.711814417537189001e+02 -1.747846581935463917e+01 -2.421720060653024476e+00 -1.285330100684680303e+02 -8.189890703397307448e+01
-9.699999999999997513e-01 2.664840875764011585e+01 1.698893927549436285e+02 -1.829647284797336937e+01 -2.642673750380014397e+00 -1.298790562577086121e+02 -8.170090742414387819e+01
-9.599999999999999645e-01 2.662086196550340844e+01 1.685838148232458025e+02 -1.911245162263546860e+01 -2.867305991644917285e+00 -1.312388442214530926e+02 -8.149320330548040658e+01
-9.499999999999997335e-01 2.659105004524627702e+01 1.672645691045714784e+02 -1.992630348922981653e+01 -3.095716288152340567e+00 -1.326126623912227274e+02 -8.127547048963951681e+01
-9.399999999999999467e-01 2.655893470318777005e+01 1.659315138231060303e+02 -2.073792647885312590e+01 -3.328007823950592581e+00 -1.340008067094290425e+02 -8.104737045586789179e+01
-9.299999999999997158e-01 2.652447659532044355e+01 1.645845042044255706e+02 -2.154721516649498625e+01 -3.564287625589795283e+00 -1.354035808653868287e+02 -8.080854964901077153e+01
-9.199999999999999289e-01 2.648763528723293348e+01 1.632233923993360634e+02 -2.235406051077578837e+01 -3.804666743095339143e+00 -1.368212964457533189e+02 -8.055863861206657361e+01
-9.100000000000001421e-01 2.644836921276122865e+01 1.618480274037513595e+02 -2.315834968975154595e+01 -4.049260438606644641e+00 -1.382542731334546033e+02 -8.029725111325650744e+01
-8.999999999999999112e-01 2.640663563186653562e+01 1.604582549722232727e+02 -2.395996593725731572e+01 -4.298188380467163228e+00 -1.397028389850851795e+02 -8.002398330194549203e+01
-8.900000000000001243e-01 2.636239058460294515e+01 1.590539175369151224e+02 -2.475878835403217693e+01 -4.551574857068150237e+00 -1.411673306174628806e+02 -7.973841268988026343e+01
-8.799999999999998934e-01 2.631558884368137541e+01 1.576348541218863772e+02 -2.555469171474162238e+01 -4.809548997371624779e+00 -1.426480933994814677e+02 -7.944009710040981531e+01
-8.700000000000001066e-01 2.626618386617274581e+01 1.562009002502657040e+02 -2.634754627564574037e+01 -5.072244994897074477e+00 -1.441454816664544012e+02 -7.912857361603683160e+01
-8.599999999999998757e-01 2.621412774055482586e+01 1.547518878575160954e+02 -2.713721755250884371e+01 -5.339802358344428512e+00 -1.456598588740924640e+02 -7.880335733632180961e+01
-8.500000000000000888e-01 2.615937113208525489e+01 1.532876451996388312e+02 -2.792356609322342109e+01 -5.612366171852517738e+00 -1.471915977992755700e+02 -7.846394011851404571e+01
-8.399999999999998579e-01 2.610186322704600315e+01 1.518079967531072043e+02 -2.870644725049585588e+01 -5.890087362962923123e+00 -1.487410808380051890e+02 -7.810978934892928294e+01
-8.300000000000000711e-01 2.604155167161141549e+01 1.503127631246742055e+02 -2.948571091805365540e+01 -6.173122996424464048e+00 -1.503087000979464847e+02 -7.774034642131813655e+01
-8.199999999999998401e-01 2.597838250878760036e+01 1.488017609538000272e+02 -3.026120126191840143e+01 -6.461636580359490623e+00 -1.518948575576427515e+02 -7.735502519806775013e+01
-8.100000000000000533e-01 2.591230011367394681e+01 1.472748028053020164e+02 -3.103275644988936222e+01 -6.755798384395193423e+00 -1.534999653255594581e+02 -7.695321048112202789e+01
-7.999999999999998224e-01 2.584324712341733132e+01 1.457316970721865914e+02 -3.180020834469702962e+01 -7.055785783110485099e+00 -1.551244457178138987e+02 -7.653425621058158868e+01
-7.900000000000000355e-01 2.577116436421094647e+01 1.441722478738681730e+02 -3.256338218459818279e+01 -7.361783617156728354e+00 -1.567687313611812669e+02 -7.609748358650156774e+01
-7.799999999999998046e-01 2.569599077505102258e+01 1.425962549507180768e+02 -3.332209624915714130e+01 -7.673984573346224636e+00 -1.584332653074388020e+02 -7.564217909647706506e+01
-7.700000000000000178e-01 2.561766332696844728e+01 1.410035135618763320e+02 -3.407616149809396688e+01 -7.992589588370991649e+00 -1.601185010613118322e+02 -7.516759235082683688e+01
-7.599999999999997868e-01 2.553611693885332912e+01 1.393938143765062421e+02 -3.482538119658147480e+01 -8.317808274616201203e+00 -1.618249026570288436e+02 -7.467293383447892552e+01
-7.500000000000000000e-01 2.545128438798628068e+01 1.377669433739612543e+02 -3.556955050523316686e+01 -8.649859370674038317e+00 -1.635529445694408253e+02 -7.415737240163565502e+01
-7.399999999999997691e-01 2.536309621684277715e+01 1.361226817338885553e+02 -3.630845605742702986e+01 -8.988971219081109965e+00 -1.653031117200511915e+02 -7.362003269396998917e+01
-7.299999999999999822e-01 2.527148063426373170e+01 1.344608057372102792e+02 -3.704187549800857937e+01 -9.335382268706496234e+00 -1.670758992860734509e+02 -7.305999227833457610e+01
-7.199999999999997513e-01 2.517636341185050952e+01 1.327810866616945020e+02 -3.776957700018057551e+01 -9.689341609275304634e+00 -1.688718125407565083e+02 -7.247627863386654212e+01
-7.099999999999999645e-01 2.507766777486526166e+01 1.310832906818996264e+02 -3.849131874938352382e+01 -1.005110953452550149e+01 -1.706913665866100018e+02 -7.186786590419450249e+01
-6.999999999999997335e-01 2.497531428703580048e+01 1.293671787773612891e+02 -3.920684838802472427e+01 -1.042095813516645642e+01 -1.725350859249629707e+02 -7.123367136616721496e+01
-6.899999999999999467e-01 2.486922072966225272e+01 1.276325066312812879e+02 -3.991590243644651537e+01 -1.079917193455963620e+01 -1.744035041063179392e+02 -7.057255172752772410e+01
-6.799999999999997158e-01 2.475930197389901366e+01 1.258790245566830208e+02 -4.061820565645079739e+01 -1.118604854134276749e+01 -1.762971629512561549e+02 -6.988329901265954902e+01
-6.699999999999999289e-01 2.464546984635897431e+01 1.241064774012642573e+02 -4.131347039457268977e+01 -1.158189936600829029e+01 -1.782166120168857333e+02 -6.916463628490578230e+01
-6.600000000000001421e-01 2.452763298769038869e+01 1.223146044898365687e+02 -4.200139585926991970e+01 -1.198705034377012701e+01 -1.801624074969370781e+02 -6.841521291268060168e+01
-6.499999999999999112e-01 2.440569670312564909e+01 1.205031395527224163e+02 -4.268166736511038550e+01 -1.240184272450795433e+01 -1.821351112322989252e+02 -6.763359955460016693e+01
-6.400000000000001243e-01 2.427956280548492884e+01 1.186718106775733617e+02 -4.335395551864957042e+01 -1.282663389315035296e+01 -1.841352894021929956e+02 -6.681828274135021672e+01
-6.299999999999998934e-01 2.414912944980967069e+01 1.168203402823442900e+02 -4.401791534321263555e+01 -1.326179822321182478e+01 -1.861635108568398778e+02 -6.596765901069103677e+01
-6.200000000000001066e-01 2.401429095826368965e+01 1.149484450825152351e+02 -4.467318535525549805e+01 -1.370772799293490252e+01 -1.882203453428155342e+02 -6.508002862378295106e+01
-6.099999999999998757e-01 2.387493763693475302e+01 1.130558361034490673e+02 -4.531938656322731163e+01 -1.416483432824446353e+01 -1.903063612454523081e+02 -6.415358877523121350e+01
-6.000000000000000888e-01 2.373095558224888890e+01 1.111422187038963330e+02 -4.595612140185674122e+01 -1.463354819316032973e+01 -1.924221229666275406e+02 -6.318642627465180794e+01
-5.899999999999998579e-01 2.358222647752333501e+01 1.092072926311216321e+02 -4.658297258947145281e+01 -1.511432142897575481e+01 -1.945681879131446408e+02 -6.217650967328031442e+01
-5.800000000000000711e-01 2.342862737898457226e+01 1.072507521100696692e+02 -4.719950190288213321e+01 -1.560762782714347630e+01 -1.967451028928927030e+02 -6.112168076637666303e+01
-5.699999999999998401e-01 2.327003049025620385e+01 1.052722859640761754e+02 -4.780524886626126602e+01 -1.611396425286779177e+01 -1.989534000143646892e+02 -6.001964545049403199e+01
-5.600000000000000533e-01 2.310630292630484206e+01 1.032715777905402348e+02 -4.839972934201324506e+01 -1.663385178629760475e+01 -2.011935917355825438e+02 -5.886796385135586718e+01
-5.499999999999998224e-01 2.293730646542097418e+01 1.012483061855187430e+02 -4.898243402032724703e+01 -1.716783690099932969e+01 -2.034661651648310112e+02 -5.766403969188198175e+01
-5.400000000000000355e-01 2.276289728899669029e+01 9.920214502450230043e+01 -4.955282680072390633e+01 -1.771649269588063902e+01 -2.057715758527797902e+02 -5.640510898855523436e+01
-5.299999999999998046e-01 2.258292570926215603e+01 9.713276381774042534e+01 -5.011034305281913248e+01 -1.828042009310204463e+01 -2.081102398721082523e+02 -5.508822765913144792e+01
-5.200000000000000178e-01 2.239723588506579333e+01 9.503982814871633877e+01 -5.065438775031347518e+01 -1.886024905189736600e+01 -2.104825249824429818e+02 -5.371025835858196729e+01
-5.099999999999997868e-01 2.220566552558883444e+01 9.292300020715026676e+01 -5.118433346913992921e+01 -1.945663978814529926e+01 -2.128887406285481347e+02 -5.226785641191872855e+01
-5.000000000000000000e-01 2.200804558138021960e+01 9.078193942649393477e+01 -5.169951823893537579e+01 -2.007028395686266720e+01 -2.153291261935770819e+02 -5.075745464439927446e+01
-4.899999999999997691e-01 2.180419992459349743e+01 8.861630325288471965e+01 -5.219924323796838905e+01 -2.070190576832509777e+01 -2.178038373654344753e+02 -4.917524716395308104e+01
-4.799999999999999822e-01 2.159394501822043821e+01 8.642574805900713386e+01 -5.268277032034314544e+01 -2.135226301887669464e+01 -2.203129304113951150e+02 -4.751717204346890355e+01
-4.699999999999997513e-01 2.137708957559711109e+01 8.420993022671005690e+01 -5.314931936456517292e+01 -2.202214797396938195e+01 -2.228563439516314588e+02 -4.577889293544787819e+01
-4.599999999999999645e-01 2.115343421207878549e+01 8.196850742631640685e+01 -5.359806543291039560e+01 -2.271238805896215851e+01 -2.254338778966275640e+02 -4.395577961203314743e+01
-4.499999999999997335e-01 2.092277109097871346e+01 7.970114012224435385e+01 -5.402813573084297616e+01 -2.342384629646824123e+01 -2.280451691368975276e+02 -4.204288745581658304e+01
-4.399999999999999467e-01 2.068488356682733453e+01 7.740749334044170382e+01 -5.443860635656059088e+01 -2.415742140904410107e+01 -2.306896634973429059e+02 -4.003493597886377131e+01
-4.299999999999997158e-01 2.043954582965179867e+01 7.508723873673115179e+01 -5.482849883158930027e+01 -2.491404748943406844e+01 -2.333665833988620193e+02 -3.792628649043628286e+01
-4.199999999999999289e-01 2.018652255510545501e+01 7.274005701313758721e+01 -5.519677640361538806e+01 -2.569469312485838230e+01 -2.360748906070419082e+02 -3.571091906912246827e+01
-4.100000000000001421e-01 1.992556856665988718e+01 7.036564073313277845e+01 -5.554234011729232634e+01 -2.650035980954483250e+01 -2.388132432564596570e+02 -3.338240912922965720e+01
-3.999999999999999112e-01 1.965642851797588975e+01 6.796369759900051122e+01 -5.586402464990125338e+01 -2.733207947764190848e+01 -2.415799464151315874e+02 -3.093390394312865155e+01
-3.900000000000001243e-01 1.937883660611873182e+01 6.553395426472798135e+01 -5.616059391507106113e+01 -2.819091090157405333e+01 -2.443728950613838151e+02 -2.835809965255528198e+01
-3.799999999999998934e-01 1.909251632591693948e+01 6.307616075043672055e+01 -5.643073644089201935e+01 -2.907793476612160788e+01 -2.471895090055450055e+02 -2.564721939971332887e+01
-3.700000000000001066e-01 1.879718028274814046e+01 6.059009556268472352e+01 -5.667306053727495652e+01 -2.999424699353192381e+01 -2.500266578980057659e+02 -2.279299351554869091e+01
-3.599999999999998757e-01 1.849253008166679280e+01 5.807557161279908797e+01 -5.688608928185566782e+01 -3.094095005712456370e+01 -2.528805760954419384e+02 -1.978664302023308608e+01
-3.500000000000000888e-01 1.817825631564218725e+01 5.553244304060046233e+01 -5.706825536691040668e+01 -3.191914181283230789e+01 -2.557467661401385328e+02 -1.661886804112866756e+01
-3.399999999999998579e-01 1.785403868147535178e+01 5.296061307923906725e+01 -5.721789585875539785e+01 -3.292990132709314821e+01 -2.586198891338998465e+02 -1.327984295995979380e+01
-3.300000000000000711e-01 1.751954624950031203e+01 5.036004305326748209e+01 -5.733324695325048026e+01 -3.397427094098252809e+01 -2.614936400407391943e+02 -9.759220871230908756e+00
-3.199999999999998401e-01 1.717443794174642235e+01 4.773076275253767875e+01 -5.741243883128351655e+01 -3.505323394867033215e+01 -2.643606074549153391e+02 -6.046150293030272849e+00
-3.100000000000000533e-01 1.681836325758976258e+01 4.507288227755539367e+01 -5.745349076586207104e+01 -3.616768685055255617e+01 -2.672121154491618995e+02 -2.129308106881239837e+00
-2.999999999999998224e-01 1.645096330131441675e+01 4.238660551332070980e+01 -5.745430665425433858e+01 -3.731840528286136305e+01 -2.700380478689455686e+02 2.003046803334783021e+00
-2.900000000000000355e-01 1.607187219935739364e+01 3.967224553680296850e+01 -5.741267121448078825e+01 -3.850600229714351030e+01 -2.728266539866025937e+02 6.362993128845047863e+00
-2.799999999999998046e-01 1.568071895762485291e+01 3.693024192025119135e+01 -5.732624714647118225e+01 -3.973087960976526745e+01 -2.755643476242828456e+02 1.096283372825656954e+01
-2.700000000000000178e-01 1.527712986608311319e+01 3.416118020303620995e+01 -5.719257363179537634e+01 -4.099316809585857158e+01 -2.782354834841867728e+02 1.581493967112777455e+01
-2.599999999999997868e-01 1.486073153653517487e+01 3.136581356682729194e+01 -5.700906664755563469e+01 -4.229266059179158077e+01 -2.808221414194778163e+02 2.093154406131804279e+01
-2.500000000000000000e-01 1.443115467218308545e+01 2.854508676373112408e+01 -5.677302158478612171e+01 -4.362873077433236801e+01 -2.833038889583124273e+02 2.632447594174346506e+01
-2.399999999999997691e-01 1.398803873286910004e+01 2.570016246199602250e+01 -5.648161896478094235e+01 -4.500023674107067251e+01 -2.856575335685967616e+02 3.200482020594093768e+01
-2.299999999999999822e-01 1.353103762356729334e+01 2.283244997603489423e+01 -5.613193390045330489e+01 -4.640541224947303789e+01 -2.878569068771188881e+02 3.798249489715035310e+01
-2.199999999999997513e-01 1.305982652211330475e+01 1.994363585691900553e+01 -5.572095027267244660e+01 -4.784174900442288703e+01 -2.898727102080642339e+02 4.426573533364855706e+01
-2.099999999999999645e-01 1.257410990923282945e+01 1.703571564307863895e+01 -5.524558054597927281e+01 -4.930587303426165846e+01 -2.916724367110658704e+02 5.086047602037730542e+01
-1.999999999999997335e-01 1.207363087682814395e+01 1.411102609084943538e+01 -5.470269229576975789e+01 -5.079341397401497460e+01 -2.932203649243525092e+02 5.776962426198441136e+01
-1.899999999999999467e-01 1.155818177736273711e+01 1.117227684016451406e+01 -5.408914264376540615e+01 -5.229886739974249821e+01 -2.944776537342999063e+02 6.499223095188945365e+01
-1.799999999999997158e-01 1.102761624106904925e+01 8.222580489489452304e+00 -5.340182121030809981e+01 -5.381546092622247102e+01 -2.954026291334831740e+02 7.252258118170288981e+01
-1.699999999999999289e-01 1.048186240799186386e+01 5.265478242568857326e+00 -5.263770257626463689e+01 -5.533505159657715922e+01 -2.959513628980521958e+02 8.034923775746347019e+01
-1.600000000000001421e-01 9.920936957545828605e+00 2.304958466818730400e+00 -5.179390833090710089e+01 -5.684806882812792139e+01 -2.960785115540817856e+02 8.845407505797993508e+01
-1.499999999999999112e-01 9.344959483000709000e+00 -6.545343062675903489e-01 -5.086777862483916124e+01 -5.834350305313580520e+01 -2.957383864355154515e+02 9.681136465298519056e+01
-1.400000000000001243e-01 8.754166693642110531e+00 -3.608102535061874949e+00 -4.985695216126028839e+01 -5.980895560245370746e+01 -2.948863342323842858e+02 1.053870172832378529e+02
-1.299999999999998934e-01 8.148925664619678599e+00 -6.550414445012536113e+00 -4.875945248919295238e+01 -6.123078610952591561e+01 -2.934804784570280276e+02 1.141381034763040532e+02
-1.200000000000001066e-01 7.529745046072391368e+00 -9.475741739195058244e+00 -4.757377717910134862e+01 -6.259437212241811466e+01 -2.914837457909350178e+02 1.230127733922467996e+02
-1.099999999999998757e-01 6.897283173403118361e+00 -1.237801836082270768e+01 -4.629898540366885129e+01 -6.388446652908833556e+01 -2.888660129456571894e+02 1.319506703308428541e+02
-1.000000000000000888e-01 6.252352095747125915e+00 -1.525092022923949742e+01 -4.493477872671785889e+01 -6.508566148460415945e+01 -2.856061168914494033e+02 1.408838788148170806e+02
-8.999999999999985789e-02 5.595916300098171980e+00 -1.808796456021461196e+01 -4.348156920106158196e+01 -6.618298583097079302e+01 -2.816938097083155412e+02 1.497385533102894613e+02
-8.000000000000007105e-02 4.929085108386585645e+00 -2.088262834325010786e+01 -4.194052745294489881e+01 -6.716254638142191880e+01 -2.771315310960402485e+02 1.584372561391414251e+02
-6.999999999999984013e-02 4.253098994558312640e+00 -2.362847997362578312e+01 -4.031360553737687979e+01 -6.801209585161262794e+01 -2.719351434458149583e+02 1.669015864149593824e+02
-6.000000000000005329e-02 3.569310258900542543e+00 -2.631931376134914657e+01 -3.860353234311381243e+01 -6.872161895761676931e+01 -2.661339676738288063e+02 1.750551095627908751e+02
-4.999999999999982236e-02 2.879157904620705200e+00 -2.894928352461101895e+01 -3.681377770540157002e+01 -6.928385496015869194e+01 -2.597704299752558086e+02 1.828265886226952261e+02
-4.000000000000003553e-02 2.184138711899588969e+00 -3.151302606309805299e+01 -3.494848643446067626e+01 -6.969453018118424836e+01 -2.528983062723299042e+02 1.901526470397010655e+02
-2.999999999999980460e-02 1.485776702264015370e+00 -3.400576312960289727e+01 -3.301238843980429749e+01 -6.995249040505379412e+01 -2.455804552723731433e+02 1.969800081617322007e+02
-2.000000000000001776e-02 7.855917721543657084e-01 -3.642338084689340860e+01 -3.101068784229665809e+01 -7.005968141574398089e+01 -2.378864171575736179e+02 2.032673160457713948e+02
-9.999999999999786837e-03 8.507020957002252304e-02 -3.876248079446462924e+01 -2.894893983201529153e+01 -7.002081195639266298e+01 -2.298891932369203346e+02 2.089857294555099543e+02
0.000000000000000000e+00 -6.143610901257231527e-01 -4.102039978451349356e+01 -2.683292524310158100e+01 -6.984299552574495351e+01 -2.216624339514334281e+02 2.141189517040742771e+02
